    4   20   60
  32.066  78.960 118.710 207.200
    1    1  0.0150  0.0000  0.0000
 -0.035538   0.000201   0.000028
  0.002306   0.000005   0.000031
  0.000158   0.000001  -0.000006
  0.022970  -0.000004  -0.000001
  0.003380  -0.000004  -0.000026
  0.004025   0.000008  -0.000044
  0.000076  -0.000000  -0.000001
  0.000200  -0.000002  -0.000005
  0.000760   0.000001   0.000009
  0.000185   0.000002  -0.000006
 -0.000076   0.000001  -0.000001
 -0.000286   0.000004  -0.000002
 -0.000328   0.000002  -0.000010
 -0.000426  -0.000002  -0.000001
  0.011213  -0.000291   0.000042
 -0.000757  -0.000007   0.000012
 -0.000372   0.000007   0.000007
 -0.008053   0.000077   0.000019
  0.001273  -0.000000  -0.000047
 -0.000711   0.000001   0.000004
    1    2  0.0000  0.0150  0.0000
  0.000202  -0.047647   0.000397
  0.000006   0.000157  -0.001942
  0.000001   0.001127   0.000091
 -0.000005   0.029082  -0.000870
  0.000009   0.003859  -0.004871
 -0.000006   0.003497   0.009744
 -0.000000   0.000542  -0.000063
  0.000000   0.000126  -0.000774
  0.000002  -0.000132  -0.000277
  0.000001   0.000115   0.001388
  0.000001  -0.000446  -0.000041
  0.000003  -0.000284   0.000163
  0.000002   0.000228   0.000411
 -0.000002   0.000053  -0.000239
 -0.000256   0.019943  -0.006436
 -0.000004   0.000195  -0.002737
  0.000003  -0.000587   0.001512
  0.000042  -0.010505   0.001779
 -0.000001   0.006053   0.002253
  0.000002  -0.005377   0.000513
    1    3  0.0000  0.0000  0.0150
  0.000026   0.000406  -0.057925
 -0.000038   0.001843   0.011195
  0.000002   0.000112  -0.002404
 -0.000002  -0.000871  -0.005536
 -0.000003  -0.005060  -0.007467
 -0.000006   0.005730  -0.007019
  0.000000   0.000036  -0.000741
 -0.000001  -0.000334  -0.000685
 -0.000009   0.000362   0.001100
 -0.000000   0.000162  -0.000261
 -0.000000  -0.000194   0.000877
  0.000001   0.000542   0.000082
 -0.000005   0.000405  -0.003275
  0.000001  -0.000807   0.000330
  0.000004   0.004167   0.012901
  0.000012  -0.003154   0.002345
  0.000007   0.002046   0.001657
 -0.000008  -0.004095   0.008890
  0.000021  -0.001361   0.037796
 -0.000004   0.000065   0.008138
    2    1  0.0150  0.0000  0.0000
  0.002308   0.000005  -0.000036
 -0.033978   0.000223  -0.000011
  0.023638   0.000010   0.000001
  0.000159   0.000000   0.000004
  0.000083  -0.000002   0.000021
  0.000454   0.000002   0.000030
  0.000129  -0.000001  -0.000005
  0.000744  -0.000001  -0.000020
  0.003190   0.000003   0.000037
  0.000779   0.000004  -0.000029
 -0.000408   0.000000   0.000007
 -0.001039   0.000009   0.000004
  0.002013   0.000001  -0.000040
 -0.001652  -0.000012   0.000008
 -0.000932  -0.000010  -0.000011
  0.012218  -0.000330   0.000014
 -0.007260   0.000091   0.000003
 -0.000524   0.000008  -0.000007
  0.000525  -0.000002   0.000034
 -0.000447   0.000001  -0.000005
    2    2  0.0000  0.0150  0.0000
  0.000005   0.000164   0.001843
  0.000215  -0.050292   0.000303
  0.000010   0.033123  -0.000061
  0.000001   0.001132   0.000110
  0.000003   0.000305   0.002286
 -0.000002  -0.000017  -0.005395
 -0.000001   0.001465  -0.000175
  0.000003   0.000527  -0.002998
  0.000003   0.000476  -0.001597
 -0.000000   0.000347   0.005410
  0.000001  -0.002247   0.000164
  0.000006  -0.001190   0.000576
  0.000001   0.004534   0.002085
 -0.000007   0.000089  -0.000971
 -0.000005   0.000179   0.001246
 -0.000277   0.020040  -0.001916
  0.000043  -0.008392   0.001285
  0.000002  -0.000854  -0.000417
 -0.000002   0.003434  -0.001700
  0.000001  -0.002822  -0.000078
    2    3  0.0000  0.0000  0.0150
  0.000031  -0.001944   0.011196
 -0.000013   0.000301  -0.038798
  0.000001  -0.000060  -0.001778
 -0.000005   0.000090  -0.002405
 -0.000001   0.002343  -0.004554
  0.000004  -0.002685  -0.004599
  0.000004  -0.000078  -0.002881
 -0.000004  -0.000952  -0.003472
 -0.000038   0.002185   0.010092
 -0.000006   0.000975  -0.003440
  0.000002  -0.000367   0.003515
  0.000013   0.002943   0.000960
 -0.000003   0.000769   0.003440
  0.000020  -0.004680   0.002199
 -0.000014   0.004236   0.001148
  0.000015  -0.000530   0.012394
  0.000005  -0.000321   0.008026
 -0.000009  -0.002721   0.000417
 -0.000005   0.000260   0.005294
  0.000003   0.000237   0.003246
    3    1  0.0150  0.0000  0.0000
  0.000159   0.000000   0.000004
  0.023638   0.000010  -0.000001
 -0.033979   0.000222  -0.000011
  0.002308   0.000005  -0.000037
  0.000455   0.000002   0.000030
  0.000083  -0.000002   0.000021
  0.003190   0.000003   0.000037
  0.000779   0.000004  -0.000029
  0.000129  -0.000001  -0.000005
  0.000744  -0.000001  -0.000020
  0.002013   0.000001  -0.000039
 -0.001652  -0.000012   0.000008
 -0.000407   0.000000   0.000007
 -0.001039   0.000009   0.000004
 -0.000524   0.000008  -0.000007
 -0.007260   0.000091   0.000003
  0.012218  -0.000329   0.000014
 -0.000932  -0.000010  -0.000010
 -0.000447   0.000001  -0.000005
  0.000526  -0.000002   0.000035
    3    2  0.0000  0.0150  0.0000
  0.000001   0.001132   0.000110
  0.000010   0.033123  -0.000061
  0.000214  -0.050293   0.000303
  0.000005   0.000164   0.001843
 -0.000002  -0.000016  -0.005395
  0.000003   0.000305   0.002286
  0.000003   0.000476  -0.001597
 -0.000000   0.000347   0.005410
 -0.000001   0.001465  -0.000175
  0.000003   0.000527  -0.002998
  0.000001   0.004534   0.002084
 -0.000007   0.000089  -0.000971
  0.000001  -0.002247   0.000164
  0.000006  -0.001190   0.000577
  0.000002  -0.000854  -0.000417
  0.000043  -0.008392   0.001285
 -0.000277   0.020040  -0.001916
 -0.000005   0.000179   0.001246
  0.000001  -0.002822  -0.000078
 -0.000002   0.003434  -0.001700
    3    3  0.0000  0.0000  0.0150
 -0.000005   0.000090  -0.002405
  0.000001  -0.000060  -0.001778
 -0.000013   0.000301  -0.038798
  0.000031  -0.001944   0.011196
  0.000004  -0.002685  -0.004599
 -0.000001   0.002343  -0.004554
 -0.000038   0.002185   0.010092
 -0.000006   0.000975  -0.003439
  0.000004  -0.000078  -0.002881
 -0.000004  -0.000952  -0.003472
 -0.000003   0.000769   0.003440
  0.000020  -0.004680   0.002199
  0.000002  -0.000367   0.003515
  0.000013   0.002943   0.000960
 -0.000009  -0.002721   0.000417
  0.000005  -0.000321   0.008026
  0.000015  -0.000530   0.012394
 -0.000014   0.004236   0.001148
  0.000003   0.000237   0.003246
 -0.000005   0.000260   0.005294
    4    1  0.0150  0.0000  0.0000
  0.022974  -0.000006  -0.000003
  0.000158   0.000000  -0.000007
  0.002307   0.000005   0.000030
 -0.035549   0.000205   0.000025
  0.004024   0.000007  -0.000044
  0.003380  -0.000004  -0.000027
  0.000761   0.000002   0.000008
  0.000185   0.000002  -0.000007
  0.000077  -0.000000  -0.000002
  0.000200  -0.000002  -0.000005
 -0.000328   0.000002  -0.000009
 -0.000426  -0.000003  -0.000001
 -0.000076   0.000001   0.000001
 -0.000286   0.000003  -0.000002
 -0.008051   0.000080   0.000019
 -0.000372   0.000007   0.000008
 -0.000757  -0.000007   0.000013
  0.011219  -0.000294   0.000042
 -0.000711   0.000001   0.000008
  0.001272  -0.000001  -0.000047
    4    2  0.0000  0.0150  0.0000
 -0.000005   0.029082  -0.000870
  0.000001   0.001127   0.000091
  0.000006   0.000157  -0.001942
  0.000202  -0.047647   0.000397
 -0.000006   0.003497   0.009744
  0.000009   0.003859  -0.004871
  0.000002  -0.000132  -0.000277
  0.000001   0.000115   0.001388
 -0.000000   0.000542  -0.000063
  0.000000   0.000126  -0.000774
  0.000002   0.000228   0.000411
 -0.000002   0.000053  -0.000239
  0.000001  -0.000446  -0.000041
  0.000003  -0.000284   0.000163
  0.000042  -0.010505   0.001779
  0.000003  -0.000587   0.001512
 -0.000004   0.000195  -0.002737
 -0.000256   0.019943  -0.006436
  0.000002  -0.005377   0.000513
 -0.000001   0.006053   0.002253
    4    3  0.0000  0.0000  0.0150
 -0.000002  -0.000871  -0.005536
  0.000002   0.000112  -0.002404
 -0.000038   0.001843   0.011195
  0.000026   0.000406  -0.057925
 -0.000006   0.005730  -0.007019
 -0.000003  -0.005060  -0.007467
 -0.000009   0.000362   0.001100
 -0.000000   0.000162  -0.000261
  0.000000   0.000036  -0.000741
 -0.000001  -0.000334  -0.000685
 -0.000005   0.000405  -0.003275
  0.000001  -0.000807   0.000330
 -0.000000  -0.000194   0.000877
  0.000001   0.000542   0.000082
 -0.000008  -0.004095   0.008890
  0.000007   0.002046   0.001657
  0.000012  -0.003154   0.002345
  0.000004   0.004167   0.012901
 -0.000004   0.000065   0.008138
  0.000021  -0.001361   0.037796
    5    1  0.0150  0.0000  0.0000
  0.003379   0.000010  -0.000000
  0.000081   0.000004   0.000000
  0.000453  -0.000002   0.000005
  0.004023  -0.000006  -0.000003
 -0.042519   0.000004   0.000005
  0.020377   0.000002   0.000004
  0.000222  -0.000000   0.000001
  0.000521   0.000001   0.000003
  0.000160   0.000000  -0.000000
  0.000071   0.000001   0.000002
 -0.000250   0.000000   0.000001
 -0.000322   0.000001  -0.000001
 -0.000303   0.000001   0.000002
 -0.000017   0.000002   0.000000
 -0.000945  -0.000001  -0.000002
 -0.000219   0.000001   0.000000
  0.000919  -0.000002  -0.000008
  0.002220  -0.000002  -0.000000
  0.008713  -0.000056  -0.000004
  0.003436   0.000043  -0.000005
    5    2  0.0000  0.0150  0.0000
 -0.000004   0.003856  -0.005064
 -0.000002   0.000299   0.002344
  0.000002  -0.000021  -0.002682
  0.000007   0.003497   0.005724
  0.000011  -0.052556  -0.001843
  0.000001   0.031006   0.000022
  0.000001   0.000075  -0.000607
  0.000000   0.000356  -0.000183
 -0.000002   0.000221   0.000633
  0.000000   0.000130   0.000001
  0.000002  -0.000301   0.000956
  0.000002   0.000162   0.000007
  0.000001  -0.000119  -0.000932
  0.000002  -0.000379   0.000111
 -0.000001  -0.004808  -0.000115
  0.000000  -0.002075   0.000164
 -0.000002   0.003067   0.000464
 -0.000003   0.006502   0.000384
 -0.000048   0.008392   0.002268
  0.000033   0.002693  -0.001652
    5    3  0.0000  0.0000  0.0150
 -0.000027  -0.004874  -0.007465
  0.000022   0.002289  -0.004554
  0.000032  -0.005397  -0.004600
 -0.000044   0.009744  -0.007019
  0.000002  -0.001856  -0.068270
  0.000004   0.000021  -0.006441
  0.000009  -0.001477  -0.000132
 -0.000001   0.000403   0.008688
  0.000006   0.000855  -0.000646
 -0.000001  -0.000024  -0.001711
  0.000003   0.001654   0.000761
 -0.000015   0.000519  -0.001990
  0.000003  -0.002041   0.001252
  0.000005   0.000175   0.000157
 -0.000007  -0.001279   0.004011
  0.000004   0.000689   0.003891
 -0.000026   0.000541   0.007176
  0.000035  -0.000488   0.040490
 -0.000002   0.000815   0.017900
 -0.000002  -0.000269   0.018502
    6    1  0.0150  0.0000  0.0000
  0.004023  -0.000006  -0.000004
  0.000453  -0.000002   0.000004
  0.000081   0.000004   0.000000
  0.003379   0.000010  -0.000001
  0.020377   0.000002   0.000006
 -0.042518   0.000004   0.000006
  0.000160   0.000000  -0.000000
  0.000071   0.000001   0.000002
  0.000222  -0.000000   0.000001
  0.000521   0.000001   0.000004
 -0.000303   0.000001   0.000001
 -0.000017   0.000002  -0.000000
 -0.000250   0.000000   0.000001
 -0.000322   0.000001  -0.000001
  0.002220  -0.000003  -0.000001
  0.000919  -0.000002  -0.000009
 -0.000219   0.000001   0.000000
 -0.000945  -0.000001  -0.000002
  0.003436   0.000044  -0.000005
  0.008713  -0.000056  -0.000003
    6    2  0.0000  0.0150  0.0000
  0.000007   0.003497   0.005724
  0.000002  -0.000021  -0.002682
 -0.000002   0.000299   0.002344
 -0.000004   0.003856  -0.005064
  0.000001   0.031006   0.000022
  0.000011  -0.052555  -0.001843
 -0.000002   0.000221   0.000633
  0.000000   0.000130   0.000001
  0.000001   0.000075  -0.000607
  0.000000   0.000356  -0.000183
  0.000001  -0.000119  -0.000932
  0.000002  -0.000379   0.000111
  0.000002  -0.000301   0.000955
  0.000002   0.000162   0.000007
 -0.000003   0.006502   0.000384
 -0.000002   0.003067   0.000464
  0.000000  -0.002075   0.000164
 -0.000001  -0.004808  -0.000115
  0.000033   0.002693  -0.001652
 -0.000048   0.008392   0.002268
    6    3  0.0000  0.0000  0.0150
 -0.000044   0.009744  -0.007019
  0.000032  -0.005397  -0.004600
  0.000022   0.002289  -0.004554
 -0.000027  -0.004874  -0.007465
  0.000004   0.000021  -0.006441
  0.000002  -0.001856  -0.068270
  0.000006   0.000855  -0.000646
 -0.000001  -0.000024  -0.001711
  0.000009  -0.001477  -0.000132
 -0.000001   0.000403   0.008688
  0.000003  -0.002041   0.001252
  0.000005   0.000175   0.000157
  0.000003   0.001654   0.000761
 -0.000015   0.000519  -0.001990
  0.000035  -0.000488   0.040490
 -0.000026   0.000541   0.007176
  0.000004   0.000689   0.003891
 -0.000007  -0.001279   0.004011
 -0.000002  -0.000269   0.018502
 -0.000002   0.000815   0.017900
    7    1  0.0150  0.0000  0.0000
  0.000077   0.000000  -0.000002
  0.000128  -0.000002   0.000002
  0.003190   0.000003  -0.000040
  0.000767   0.000002  -0.000011
  0.000226   0.000000   0.000004
  0.000164  -0.000002   0.000005
 -0.041524   0.000267  -0.000011
  0.005607   0.000016   0.000045
  0.024151   0.000017  -0.000006
  0.005278   0.000000   0.000023
  0.000496  -0.000005   0.000065
  0.014201  -0.000349  -0.000036
 -0.001321   0.000003   0.000003
 -0.008541   0.000049  -0.000023
 -0.000162   0.000003  -0.000002
 -0.000711   0.000007  -0.000005
 -0.001271  -0.000008  -0.000013
 -0.000286  -0.000003  -0.000004
 -0.000087   0.000001  -0.000003
 -0.000383   0.000001   0.000009
    7    2  0.0000  0.0150  0.0000
 -0.000000   0.000545   0.000034
 -0.000001   0.001461  -0.000078
  0.000004   0.000472   0.002184
  0.000001  -0.000129   0.000360
 -0.000000   0.000078  -0.001477
  0.000000   0.000223   0.000855
  0.000261  -0.053087   0.001622
 -0.000000   0.004844  -0.009000
  0.000017   0.025654   0.001169
  0.000009   0.005349   0.003736
 -0.000001   0.003768  -0.004280
 -0.000307   0.025780   0.004961
  0.000003  -0.004384  -0.000676
  0.000012  -0.009222  -0.000265
  0.000002  -0.000233  -0.000143
  0.000003  -0.001117  -0.001321
 -0.000004   0.000146   0.002509
 -0.000001   0.000058   0.000227
  0.000001  -0.000525   0.000074
  0.000002   0.000319  -0.000492
    7    3  0.0000  0.0000  0.0150
 -0.000002  -0.000066  -0.000741
 -0.000007  -0.000175  -0.002882
  0.000036  -0.001596   0.010091
  0.000008  -0.000280   0.001100
 -0.000001  -0.000609  -0.000132
 -0.000002   0.000629  -0.000646
 -0.000011   0.001627  -0.050065
 -0.000001  -0.004369  -0.003167
 -0.000007   0.001169  -0.002921
  0.000002   0.003095  -0.003829
 -0.000006   0.000205   0.029556
 -0.000003  -0.004592   0.009232
  0.000005   0.000231   0.005699
  0.000013   0.003538   0.004816
 -0.000002  -0.000557   0.000167
 -0.000007  -0.002491   0.002041
 -0.000013   0.003604   0.002570
 -0.000002   0.000673   0.000391
 -0.000001   0.000269   0.001311
  0.000000  -0.000305  -0.002590
    8    1  0.0150  0.0000  0.0000
  0.000203  -0.000001  -0.000000
  0.000745   0.000002  -0.000005
  0.000780  -0.000001  -0.000007
  0.000187  -0.000000   0.000000
  0.000523  -0.000000  -0.000002
  0.000073  -0.000001  -0.000003
  0.005606  -0.000000  -0.000001
 -0.046979   0.000033  -0.000004
  0.005278   0.000007   0.000002
  0.021877   0.000008   0.000000
  0.003969   0.000045   0.000006
  0.000245  -0.000009   0.000004
  0.010865  -0.000072   0.000003
 -0.001748  -0.000007  -0.000001
 -0.000020   0.000000   0.000000
 -0.000322   0.000000   0.000006
 -0.000351  -0.000006   0.000001
 -0.000206   0.000001  -0.000000
 -0.000387   0.000001   0.000001
 -0.000340  -0.000001   0.000001
    8    2  0.0000  0.0150  0.0000
 -0.000004   0.000124  -0.000334
 -0.000004   0.000516  -0.000946
  0.000002   0.000335   0.000975
  0.000000   0.000111   0.000163
 -0.000000   0.000354   0.000406
 -0.000002   0.000129  -0.000023
  0.000014   0.004832  -0.004362
  0.000067  -0.053735   0.001873
 -0.000002   0.005341   0.003100
  0.000005   0.028235   0.000130
  0.000029   0.003630   0.000705
 -0.000015   0.003460  -0.000670
 -0.000059   0.010884  -0.000806
 -0.000013  -0.003460   0.000182
 -0.000001  -0.000151  -0.000136
 -0.000003  -0.001261  -0.000346
 -0.000009   0.001132   0.000174
 -0.000001  -0.000008  -0.000057
 -0.000001  -0.000135   0.000481
 -0.000002  -0.000333  -0.000510
    8    3  0.0000  0.0000  0.0150
 -0.000006  -0.000776  -0.000679
 -0.000021  -0.002997  -0.003468
 -0.000030   0.005412  -0.003436
 -0.000008   0.001385  -0.000255
  0.000002  -0.000185   0.008693
  0.000001  -0.000002  -0.001707
  0.000048  -0.009001  -0.003163
 -0.000005   0.001877  -0.072578
  0.000025   0.003739  -0.003824
  0.000000   0.000123  -0.002733
  0.000001  -0.001594   0.015595
 -0.000030   0.000580   0.036416
 -0.000001   0.000874   0.015731
  0.000006   0.001405   0.001869
 -0.000003  -0.000158   0.000120
 -0.000002  -0.000337   0.002230
  0.000014  -0.000268   0.011594
  0.000009  -0.000227  -0.001863
 -0.000000   0.002106   0.000829
 -0.000000  -0.001957   0.000629
    9    1  0.0150  0.0000  0.0000
  0.000767   0.000002  -0.000010
  0.003190   0.000003  -0.000040
  0.000128  -0.000002   0.000002
  0.000077  -0.000000  -0.000002
  0.000164  -0.000002   0.000001
  0.000226   0.000000   0.000004
  0.024151   0.000017  -0.000006
  0.005278   0.000000   0.000023
 -0.041525   0.000267  -0.000011
  0.005608   0.000016   0.000045
 -0.001321   0.000003   0.000003
 -0.008541   0.000049  -0.000023
  0.000496  -0.000005   0.000065
  0.014201  -0.000349  -0.000036
 -0.000286  -0.000002  -0.000003
 -0.001271  -0.000008  -0.000013
 -0.000711   0.000007  -0.000005
 -0.000162   0.000002  -0.000002
 -0.000383   0.000001   0.000009
 -0.000087   0.000001  -0.000003
    9    2  0.0000  0.0150  0.0000
  0.000001  -0.000129   0.000360
  0.000004   0.000472   0.002184
 -0.000001   0.001461  -0.000078
 -0.000000   0.000545   0.000034
  0.000000   0.000223   0.000855
 -0.000000   0.000078  -0.001477
  0.000017   0.025654   0.001169
  0.000009   0.005349   0.003736
  0.000261  -0.053087   0.001622
 -0.000000   0.004844  -0.009000
  0.000003  -0.004384  -0.000676
  0.000012  -0.009222  -0.000265
 -0.000001   0.003768  -0.004280
 -0.000307   0.025780   0.004961
 -0.000001   0.000058   0.000227
 -0.000004   0.000146   0.002509
  0.000003  -0.001117  -0.001321
  0.000002  -0.000233  -0.000143
  0.000002   0.000319  -0.000492
  0.000001  -0.000525   0.000074
    9    3  0.0000  0.0000  0.0150
  0.000008  -0.000280   0.001100
  0.000036  -0.001596   0.010091
 -0.000007  -0.000175  -0.002882
 -0.000002  -0.000066  -0.000741
 -0.000002   0.000629  -0.000646
 -0.000001  -0.000609  -0.000132
 -0.000007   0.001169  -0.002921
  0.000002   0.003095  -0.003829
 -0.000011   0.001627  -0.050065
 -0.000001  -0.004369  -0.003167
  0.000005   0.000231   0.005699
  0.000013   0.003538   0.004816
 -0.000006   0.000205   0.029556
 -0.000003  -0.004592   0.009232
 -0.000002   0.000673   0.000391
 -0.000013   0.003604   0.002570
 -0.000007  -0.002491   0.002041
 -0.000002  -0.000557   0.000167
  0.000000  -0.000305  -0.002590
 -0.000001   0.000269   0.001311
   10    1  0.0150  0.0000  0.0000
  0.000187  -0.000000   0.000000
  0.000781  -0.000001  -0.000007
  0.000745   0.000002  -0.000005
  0.000203  -0.000001  -0.000001
  0.000073  -0.000001  -0.000003
  0.000523  -0.000000  -0.000002
  0.005278   0.000007   0.000002
  0.021876   0.000008   0.000000
  0.005606  -0.000000  -0.000001
 -0.046978   0.000033  -0.000004
  0.010865  -0.000071   0.000003
 -0.001748  -0.000007  -0.000001
  0.003969   0.000045   0.000006
  0.000245  -0.000009   0.000004
 -0.000206   0.000001  -0.000000
 -0.000351  -0.000007   0.000001
 -0.000322   0.000000   0.000006
 -0.000020   0.000000   0.000000
 -0.000340  -0.000001   0.000001
 -0.000387   0.000001   0.000001
   10    2  0.0000  0.0150  0.0000
  0.000000   0.000111   0.000163
  0.000002   0.000335   0.000975
 -0.000004   0.000516  -0.000946
 -0.000004   0.000124  -0.000334
 -0.000002   0.000129  -0.000023
 -0.000000   0.000354   0.000406
 -0.000002   0.005341   0.003100
  0.000005   0.028235   0.000130
  0.000014   0.004832  -0.004361
  0.000067  -0.053735   0.001873
 -0.000059   0.010884  -0.000806
 -0.000013  -0.003460   0.000182
  0.000029   0.003630   0.000705
 -0.000015   0.003460  -0.000670
 -0.000001  -0.000008  -0.000057
 -0.000009   0.001132   0.000174
 -0.000003  -0.001261  -0.000346
 -0.000001  -0.000151  -0.000136
 -0.000002  -0.000333  -0.000510
 -0.000001  -0.000135   0.000481
   10    3  0.0000  0.0000  0.0150
 -0.000008   0.001385  -0.000255
 -0.000030   0.005412  -0.003436
 -0.000021  -0.002997  -0.003468
 -0.000006  -0.000776  -0.000679
  0.000001  -0.000002  -0.001707
  0.000002  -0.000185   0.008693
  0.000025   0.003739  -0.003824
  0.000000   0.000123  -0.002733
  0.000048  -0.009001  -0.003163
 -0.000005   0.001877  -0.072578
 -0.000001   0.000874   0.015731
  0.000006   0.001405   0.001869
  0.000001  -0.001594   0.015595
 -0.000030   0.000580   0.036416
  0.000009  -0.000227  -0.001863
  0.000014  -0.000268   0.011594
 -0.000002  -0.000337   0.002230
 -0.000003  -0.000158   0.000120
 -0.000000  -0.001957   0.000629
 -0.000000   0.002106   0.000829
   11    1  0.0150  0.0000  0.0000
 -0.000074  -0.000000   0.000001
 -0.000407   0.000000   0.000001
  0.002009   0.000001  -0.000004
 -0.000325   0.000001  -0.000003
 -0.000248   0.000001   0.000002
 -0.000301  -0.000000   0.000002
  0.000495  -0.000002  -0.000005
  0.003971   0.000030   0.000002
 -0.001320   0.000003   0.000006
  0.010867  -0.000057  -0.000000
 -0.030719   0.000025   0.000008
  0.002351  -0.000006  -0.000007
  0.008543   0.000005  -0.000003
  0.001722   0.000004  -0.000000
  0.000087   0.000001   0.000001
  0.001051   0.000005  -0.000004
  0.001412  -0.000009  -0.000003
  0.000108  -0.000002   0.000000
  0.000216  -0.000000  -0.000002
  0.000560   0.000000   0.000007
   11    2  0.0000  0.0150  0.0000
 -0.000000  -0.000444  -0.000196
 -0.000000  -0.002250  -0.000366
 -0.000002   0.004521   0.000769
  0.000001   0.000227   0.000405
 -0.000001  -0.000300   0.001655
  0.000000  -0.000118  -0.002040
 -0.000007   0.003762   0.000203
  0.000047   0.003636  -0.001596
  0.000002  -0.004385   0.000231
 -0.000068   0.010888   0.000875
  0.000026  -0.059351  -0.000625
  0.000015   0.001754   0.010056
  0.000006   0.037355   0.000001
 -0.000014   0.001874  -0.009692
 -0.000004  -0.000051   0.000296
 -0.000005   0.000848   0.009115
  0.000004   0.001415  -0.008714
  0.000002   0.000166  -0.000142
 -0.000000   0.000671   0.000299
 -0.000000  -0.000218  -0.000532
   11    3  0.0000  0.0000  0.0150
  0.000003  -0.000042   0.000876
  0.000006   0.000163   0.003512
 -0.000035   0.002087   0.003436
 -0.000006   0.000409  -0.003276
  0.000000   0.000960   0.000759
  0.000001  -0.000925   0.001250
  0.000065  -0.004280   0.029555
  0.000005   0.000703   0.015586
  0.000001  -0.000673   0.005697
  0.000003  -0.000800   0.015722
  0.000009  -0.000627  -0.060647
 -0.000046   0.018916  -0.003623
 -0.000002  -0.000000  -0.006387
 -0.000046  -0.012524  -0.003582
  0.000003   0.000886   0.000250
  0.000020   0.010928  -0.003493
  0.000026  -0.014141  -0.003094
  0.000003  -0.001319   0.000166
 -0.000001  -0.000295  -0.000453
 -0.000007   0.000574   0.007743
   12    1  0.0150  0.0000  0.0000
 -0.000281   0.000002   0.000001
 -0.001041   0.000006   0.000010
 -0.001654  -0.000007   0.000016
 -0.000422  -0.000002   0.000002
 -0.000319   0.000001  -0.000018
 -0.000014   0.000001   0.000002
  0.014199  -0.000307  -0.000001
  0.000243  -0.000013  -0.000032
 -0.008533   0.000010   0.000013
 -0.001746  -0.000012   0.000002
  0.002351   0.000016  -0.000043
 -0.020182   0.000277   0.000055
  0.001722  -0.000013  -0.000044
  0.012200   0.000038   0.000008
  0.000123   0.000000   0.000002
  0.000470  -0.000002  -0.000006
  0.002255   0.000004   0.000030
  0.000208   0.000000   0.000005
  0.000192  -0.000005  -0.000001
  0.000229   0.000004  -0.000002
   12    2  0.0000  0.0150  0.0000
  0.000003  -0.000282   0.000542
  0.000009  -0.001197   0.002942
 -0.000012   0.000085  -0.004680
 -0.000003   0.000053  -0.000809
  0.000001   0.000161   0.000520
  0.000001  -0.000376   0.000176
 -0.000350   0.025776  -0.004589
 -0.000009   0.003474   0.000581
  0.000050  -0.009222   0.003539
 -0.000007  -0.003472   0.001406
 -0.000005   0.001756   0.018915
  0.000277  -0.059590  -0.003523
  0.000005   0.001873  -0.012524
  0.000039   0.039236  -0.001320
 -0.000000   0.000475   0.000075
 -0.000001   0.001542   0.000146
  0.000005   0.000005  -0.001654
  0.000001  -0.000412  -0.000209
  0.000000   0.000033  -0.000918
 -0.000001   0.000080   0.001384
   12    3  0.0000  0.0000  0.0150
  0.000000   0.000162   0.000080
  0.000004   0.000575   0.000956
  0.000007  -0.000970   0.002196
  0.000001  -0.000241   0.000329
 -0.000001   0.000010  -0.001988
 -0.000001   0.000114   0.000158
 -0.000037   0.004963   0.009230
  0.000006  -0.000672   0.036406
 -0.000024  -0.000264   0.004814
 -0.000001   0.000187   0.001864
 -0.000007   0.010053  -0.003625
  0.000053  -0.003524  -0.052003
  0.000000  -0.009692  -0.003584
  0.000006  -0.001320  -0.001714
  0.000000  -0.000063   0.000028
  0.000001  -0.000386   0.000195
 -0.000008   0.001009   0.006203
 -0.000001   0.000162   0.000401
  0.000001  -0.000369   0.000197
  0.000001   0.000265  -0.000143
   13    1  0.0150  0.0000  0.0000
 -0.000325   0.000001  -0.000003
  0.002009   0.000000  -0.000004
 -0.000407   0.000000   0.000001
 -0.000074  -0.000000   0.000001
 -0.000301  -0.000000   0.000002
 -0.000248   0.000001   0.000002
 -0.001319   0.000003   0.000006
  0.010867  -0.000057   0.000000
  0.000495  -0.000002  -0.000005
  0.003971   0.000030   0.000002
  0.008543   0.000006  -0.000003
  0.001722   0.000004  -0.000000
 -0.030719   0.000025   0.000008
  0.002351  -0.000006  -0.000007
  0.000108  -0.000002   0.000000
  0.001412  -0.000009  -0.000003
  0.001051   0.000005  -0.000005
  0.000087   0.000000   0.000001
  0.000560   0.000000   0.000007
  0.000215  -0.000000  -0.000002
   13    2  0.0000  0.0150  0.0000
  0.000001   0.000227   0.000405
 -0.000002   0.004521   0.000769
 -0.000000  -0.002250  -0.000366
 -0.000000  -0.000444  -0.000196
  0.000000  -0.000118  -0.002040
 -0.000001  -0.000300   0.001655
  0.000002  -0.004385   0.000231
 -0.000068   0.010888   0.000875
 -0.000007   0.003762   0.000204
  0.000047   0.003636  -0.001596
  0.000006   0.037356   0.000001
 -0.000014   0.001874  -0.009692
  0.000026  -0.059351  -0.000625
  0.000015   0.001754   0.010056
  0.000002   0.000166  -0.000142
  0.000004   0.001415  -0.008714
 -0.000005   0.000848   0.009115
 -0.000004  -0.000051   0.000296
 -0.000000  -0.000218  -0.000532
 -0.000000   0.000671   0.000299
   13    3  0.0000  0.0000  0.0150
 -0.000006   0.000409  -0.003276
 -0.000035   0.002087   0.003436
  0.000006   0.000163   0.003512
  0.000003  -0.000042   0.000876
  0.000001  -0.000925   0.001250
  0.000000   0.000960   0.000759
  0.000001  -0.000673   0.005697
  0.000003  -0.000800   0.015722
  0.000065  -0.004280   0.029555
  0.000005   0.000703   0.015586
 -0.000002  -0.000000  -0.006387
 -0.000046  -0.012524  -0.003582
  0.000009  -0.000627  -0.060647
 -0.000046   0.018916  -0.003623
  0.000003  -0.001319   0.000166
  0.000026  -0.014141  -0.003094
  0.000020   0.010928  -0.003493
  0.000003   0.000886   0.000250
 -0.000007   0.000574   0.007743
 -0.000001  -0.000295  -0.000453
   14    1  0.0150  0.0000  0.0000
 -0.000422  -0.000002   0.000002
 -0.001654  -0.000007   0.000016
 -0.001041   0.000006   0.000010
 -0.000281   0.000002   0.000001
 -0.000014   0.000001   0.000002
 -0.000319   0.000001  -0.000018
 -0.008533   0.000010   0.000013
 -0.001746  -0.000012   0.000002
  0.014199  -0.000307  -0.000001
  0.000243  -0.000013  -0.000032
  0.001722  -0.000013  -0.000044
  0.012200   0.000038   0.000008
  0.002351   0.000016  -0.000043
 -0.020182   0.000277   0.000055
  0.000208   0.000000   0.000005
  0.002255   0.000004   0.000030
  0.000470  -0.000002  -0.000006
  0.000123  -0.000000   0.000002
  0.000229   0.000004  -0.000002
  0.000192  -0.000005  -0.000001
   14    2  0.0000  0.0150  0.0000
 -0.000003   0.000053  -0.000809
 -0.000012   0.000085  -0.004680
  0.000009  -0.001197   0.002942
  0.000003  -0.000282   0.000542
  0.000001  -0.000376   0.000176
  0.000001   0.000161   0.000520
  0.000050  -0.009222   0.003539
 -0.000007  -0.003472   0.001406
 -0.000350   0.025776  -0.004589
 -0.000009   0.003474   0.000581
  0.000005   0.001873  -0.012524
  0.000039   0.039236  -0.001320
 -0.000005   0.001756   0.018915
  0.000277  -0.059590  -0.003523
  0.000001  -0.000412  -0.000209
  0.000005   0.000005  -0.001654
 -0.000001   0.001542   0.000146
 -0.000000   0.000475   0.000075
 -0.000001   0.000080   0.001384
  0.000000   0.000033  -0.000918
   14    3  0.0000  0.0000  0.0150
  0.000001  -0.000241   0.000329
  0.000007  -0.000970   0.002196
  0.000004   0.000575   0.000956
  0.000000   0.000162   0.000080
 -0.000001   0.000114   0.000158
 -0.000001   0.000010  -0.001988
 -0.000024  -0.000264   0.004814
 -0.000001   0.000187   0.001864
 -0.000037   0.004963   0.009230
  0.000006  -0.000672   0.036406
  0.000000  -0.009692  -0.003584
  0.000006  -0.001320  -0.001714
 -0.000007   0.010053  -0.003625
  0.000053  -0.003524  -0.052003
 -0.000001   0.000162   0.000401
 -0.000008   0.001009   0.006203
  0.000001  -0.000386   0.000195
  0.000000  -0.000063   0.000028
  0.000001   0.000265  -0.000143
  0.000001  -0.000369   0.000197
   15    1  0.0150  0.0000  0.0000
  0.011243  -0.000255   0.000007
 -0.000933  -0.000005  -0.000013
 -0.000525   0.000002  -0.000008
 -0.008035   0.000041  -0.000005
 -0.000944  -0.000002  -0.000007
  0.002216  -0.000003   0.000034
 -0.000162   0.000001  -0.000002
 -0.000021   0.000001  -0.000003
 -0.000286  -0.000001  -0.000002
 -0.000204   0.000001   0.000010
  0.000087  -0.000003   0.000002
  0.000122  -0.000000  -0.000001
  0.000108   0.000002   0.000003
  0.000211   0.000001  -0.000003
 -0.015936   0.000211  -0.000066
  0.001371   0.000002  -0.000019
  0.000160  -0.000000   0.000005
  0.007755   0.000009   0.000001
  0.002182   0.000009   0.000034
  0.001593  -0.000010   0.000031
   15    2  0.0000  0.0150  0.0000
 -0.000288   0.019943   0.004163
 -0.000011   0.000172   0.004235
  0.000008  -0.000862  -0.002720
  0.000074  -0.010509  -0.004094
 -0.000002  -0.004806  -0.001278
 -0.000003   0.006498  -0.000488
  0.000003  -0.000234  -0.000556
  0.000000  -0.000148  -0.000159
 -0.000002   0.000058   0.000675
  0.000001   0.000002  -0.000227
  0.000001  -0.000052   0.000883
 -0.000000   0.000476  -0.000063
 -0.000002   0.000167  -0.001317
  0.000000  -0.000410   0.000162
  0.000213  -0.056978   0.003681
  0.000002  -0.000045   0.001062
 -0.000000   0.001070  -0.000196
  0.000010   0.041791   0.001035
 -0.000007   0.002037  -0.019564
  0.000004   0.001830   0.014767
   15    3  0.0000  0.0000  0.0150
  0.000043  -0.006437   0.012899
 -0.000010   0.001248   0.001145
 -0.000007  -0.000415   0.000415
  0.000020   0.001773   0.008888
 -0.000002  -0.000115   0.004017
  0.000000   0.000387   0.040482
 -0.000001  -0.000143   0.000167
  0.000001  -0.000136   0.000114
 -0.000002   0.000228   0.000391
  0.000001  -0.000056  -0.001865
  0.000001   0.000294   0.000251
  0.000001   0.000075   0.000026
  0.000000  -0.000142   0.000166
  0.000004  -0.000209   0.000401
 -0.000067   0.003682  -0.062472
  0.000009  -0.000546   0.006550
 -0.000001   0.000151   0.000107
  0.000001   0.001035  -0.004322
  0.000006  -0.011664  -0.003905
  0.000003   0.010990  -0.003455
   16    1  0.0150  0.0000  0.0000
 -0.000755  -0.000005   0.000013
  0.012238  -0.000281   0.000015
 -0.007248   0.000041   0.000004
 -0.000371   0.000003   0.000008
 -0.000217   0.000000   0.000003
  0.000916  -0.000002  -0.000026
 -0.000712   0.000002  -0.000006
 -0.000323  -0.000001  -0.000001
 -0.001272  -0.000005  -0.000012
 -0.000357  -0.000007   0.000014
  0.001054  -0.000004   0.000020
  0.000465  -0.000001   0.000001
  0.001414   0.000004   0.000025
  0.002255   0.000005  -0.000009
  0.001373   0.000002   0.000009
 -0.018589   0.000240  -0.000008
  0.007125   0.000010  -0.000002
  0.000161  -0.000001  -0.000001
  0.001512   0.000009  -0.000025
  0.001329  -0.000009  -0.000022
   16    2  0.0000  0.0150  0.0000
 -0.000006   0.000193  -0.003158
 -0.000340   0.020016  -0.000527
  0.000075  -0.008416  -0.000319
  0.000007  -0.000585   0.002046
  0.000001  -0.002063   0.000691
 -0.000000   0.003059   0.000544
  0.000007  -0.001118  -0.002489
  0.000001  -0.001256  -0.000334
 -0.000007   0.000143   0.003607
 -0.000007   0.001138  -0.000266
  0.000007   0.000850   0.010926
 -0.000000   0.001536  -0.000388
 -0.000007   0.001419  -0.014141
  0.000005   0.000009   0.001006
  0.000003  -0.000038  -0.000546
  0.000246  -0.056303   0.000711
  0.000012   0.037619  -0.000209
  0.000001   0.001067   0.000151
 -0.000002   0.001729   0.012715
  0.000003   0.001003  -0.010020
   16    3  0.0000  0.0000  0.0150
  0.000014  -0.002745   0.002343
  0.000013  -0.001903   0.012392
  0.000003   0.001298   0.008029
  0.000009   0.001519   0.001652
 -0.000000   0.000162   0.003897
 -0.000009   0.000467   0.007193
 -0.000006  -0.001321   0.002043
  0.000005  -0.000348   0.002227
 -0.000014   0.002508   0.002570
 -0.000000   0.000178   0.011592
 -0.000004   0.009114  -0.003496
 -0.000008   0.000145   0.000188
 -0.000003  -0.008717  -0.003091
  0.000028  -0.001654   0.006201
 -0.000018   0.001058   0.006541
 -0.000007   0.000716  -0.047353
 -0.000001  -0.000216  -0.006590
  0.000005  -0.000198   0.000099
 -0.000003   0.010368  -0.003391
 -0.000003  -0.010432  -0.003048
   17    1  0.0150  0.0000  0.0000
 -0.000371   0.000003   0.000009
 -0.007247   0.000041   0.000004
  0.012239  -0.000281   0.000015
 -0.000755  -0.000005   0.000014
  0.000916  -0.000002  -0.000027
 -0.000217   0.000000   0.000003
 -0.001272  -0.000004  -0.000012
 -0.000357  -0.000007   0.000013
 -0.000712   0.000002  -0.000005
 -0.000323  -0.000001  -0.000002
  0.001414   0.000004   0.000025
  0.002255   0.000005  -0.000009
  0.001054  -0.000004   0.000020
  0.000464  -0.000001   0.000001
  0.000161  -0.000001  -0.000001
  0.007125   0.000010  -0.000002
 -0.018589   0.000240  -0.000008
  0.001373   0.000002   0.000008
  0.001329  -0.000009  -0.000021
  0.001512   0.000008  -0.000025
   17    2  0.0000  0.0150  0.0000
  0.000007  -0.000585   0.002046
  0.000075  -0.008416  -0.000319
 -0.000339   0.020016  -0.000527
 -0.000006   0.000193  -0.003158
 -0.000000   0.003059   0.000544
  0.000001  -0.002063   0.000691
 -0.000007   0.000143   0.003607
 -0.000007   0.001138  -0.000266
  0.000007  -0.001118  -0.002489
  0.000001  -0.001256  -0.000334
 -0.000007   0.001419  -0.014141
  0.000005   0.000009   0.001006
  0.000007   0.000850   0.010926
 -0.000000   0.001536  -0.000388
  0.000001   0.001067   0.000151
  0.000012   0.037619  -0.000208
  0.000246  -0.056303   0.000711
  0.000003  -0.000038  -0.000546
  0.000003   0.001003  -0.010020
 -0.000002   0.001729   0.012715
   17    3  0.0000  0.0000  0.0150
  0.000009   0.001519   0.001652
  0.000003   0.001298   0.008029
  0.000013  -0.001903   0.012392
  0.000014  -0.002745   0.002343
 -0.000009   0.000467   0.007193
 -0.000000   0.000162   0.003897
 -0.000014   0.002508   0.002570
 -0.000000   0.000178   0.011592
 -0.000006  -0.001321   0.002043
  0.000005  -0.000348   0.002227
 -0.000003  -0.008717  -0.003091
  0.000028  -0.001654   0.006201
 -0.000004   0.009114  -0.003496
 -0.000008   0.000145   0.000188
  0.000005  -0.000198   0.000099
 -0.000001  -0.000216  -0.006590
 -0.000007   0.000716  -0.047353
 -0.000018   0.001058   0.006542
 -0.000003  -0.010432  -0.003048
 -0.000003   0.010368  -0.003391
   18    1  0.0150  0.0000  0.0000
 -0.008036   0.000041  -0.000002
 -0.000525   0.000002  -0.000007
 -0.000933  -0.000005  -0.000012
  0.011241  -0.000254   0.000010
  0.002217  -0.000003   0.000033
 -0.000944  -0.000002  -0.000007
 -0.000286  -0.000002  -0.000001
 -0.000204   0.000001   0.000009
 -0.000162   0.000002  -0.000000
 -0.000021   0.000001  -0.000003
  0.000108   0.000001   0.000003
  0.000211   0.000001  -0.000003
  0.000087  -0.000002   0.000002
  0.000122  -0.000000  -0.000001
  0.007755   0.000009  -0.000001
  0.000160  -0.000000   0.000005
  0.001371   0.000002  -0.000020
 -0.015936   0.000212  -0.000067
  0.001593  -0.000011   0.000030
  0.002182   0.000009   0.000033
   18    2  0.0000  0.0150  0.0000
  0.000074  -0.010509  -0.004094
  0.000008  -0.000862  -0.002720
 -0.000011   0.000172   0.004235
 -0.000288   0.019943   0.004163
 -0.000003   0.006498  -0.000488
 -0.000002  -0.004806  -0.001278
 -0.000002   0.000058   0.000675
  0.000001   0.000002  -0.000227
  0.000003  -0.000234  -0.000556
  0.000000  -0.000148  -0.000159
 -0.000002   0.000167  -0.001317
  0.000000  -0.000410   0.000162
  0.000001  -0.000052   0.000883
 -0.000000   0.000476  -0.000063
  0.000010   0.041791   0.001035
 -0.000000   0.001070  -0.000196
  0.000002  -0.000045   0.001062
  0.000213  -0.056978   0.003681
  0.000004   0.001830   0.014767
 -0.000007   0.002037  -0.019564
   18    3  0.0000  0.0000  0.0150
  0.000020   0.001773   0.008888
 -0.000007  -0.000415   0.000415
 -0.000010   0.001248   0.001145
  0.000043  -0.006437   0.012899
  0.000000   0.000387   0.040482
 -0.000002  -0.000115   0.004017
 -0.000002   0.000228   0.000391
  0.000001  -0.000056  -0.001865
 -0.000001  -0.000143   0.000167
  0.000001  -0.000136   0.000114
  0.000000  -0.000142   0.000166
  0.000004  -0.000209   0.000401
  0.000001   0.000294   0.000251
  0.000001   0.000075   0.000026
  0.000001   0.001035  -0.004322
 -0.000001   0.000151   0.000107
  0.000009  -0.000546   0.006550
 -0.000067   0.003682  -0.062472
  0.000003   0.010990  -0.003455
  0.000006  -0.011664  -0.003905
   19    1  0.0150  0.0000  0.0000
  0.001262  -0.000002   0.000022
  0.000516  -0.000002  -0.000006
 -0.000447   0.000000   0.000003
 -0.000709   0.000001  -0.000003
  0.008743  -0.000047  -0.000003
  0.003463   0.000033  -0.000002
 -0.000086   0.000000  -0.000000
 -0.000388   0.000001   0.000000
 -0.000379   0.000001   0.000001
 -0.000341  -0.000001  -0.000000
  0.000209   0.000000  -0.000000
  0.000192  -0.000000   0.000000
  0.000558   0.000000  -0.000006
  0.000229  -0.000001   0.000001
  0.002182  -0.000007   0.000006
  0.001510  -0.000003  -0.000002
  0.001328   0.000002  -0.000003
  0.001593   0.000004   0.000003
 -0.024642   0.000019  -0.000009
  0.005207   0.000002   0.000000
   19    2  0.0000  0.0150  0.0000
 -0.000001   0.006043  -0.001358
 -0.000003   0.003423   0.000260
  0.000001  -0.002821   0.000235
 -0.000000  -0.005366   0.000065
 -0.000061   0.008389   0.000815
  0.000043   0.002694  -0.000265
  0.000001  -0.000525   0.000271
  0.000001  -0.000132   0.002105
  0.000000   0.000321  -0.000303
 -0.000001  -0.000332  -0.001953
 -0.000000   0.000668  -0.000296
 -0.000005   0.000034  -0.000367
  0.000000  -0.000219   0.000572
  0.000004   0.000080   0.000262
  0.000008   0.002034  -0.011665
  0.000008   0.001728   0.010366
 -0.000009   0.001002  -0.010429
 -0.000011   0.001834   0.010989
  0.000023  -0.055831   0.000819
  0.000002   0.036978  -0.000122
   19    3  0.0000  0.0000  0.0150
 -0.000043   0.002252   0.037793
  0.000031  -0.001705   0.005288
 -0.000004  -0.000080   0.003246
  0.000006   0.000511   0.008140
 -0.000004   0.002270   0.017898
 -0.000006  -0.001648   0.018500
 -0.000002   0.000075   0.001308
  0.000001   0.000488   0.000820
  0.000009  -0.000491  -0.002588
  0.000001  -0.000504   0.000621
 -0.000002   0.000299  -0.000459
 -0.000004  -0.000916   0.000199
  0.000007  -0.000534   0.007742
 -0.000005   0.001382  -0.000142
  0.000035  -0.019565  -0.003902
 -0.000025   0.012719  -0.003387
 -0.000021  -0.010019  -0.003050
  0.000032   0.014767  -0.003452
 -0.000008   0.000821  -0.074243
  0.000000  -0.000123  -0.010332
   20    1  0.0150  0.0000  0.0000
 -0.000709   0.000001  -0.000003
 -0.000447   0.000000   0.000002
  0.000516  -0.000002  -0.000006
  0.001262  -0.000002   0.000023
  0.003463   0.000033  -0.000004
  0.008742  -0.000047  -0.000004
 -0.000379   0.000001   0.000000
 -0.000341  -0.000001  -0.000001
 -0.000086   0.000000  -0.000001
 -0.000388   0.000001  -0.000001
  0.000558   0.000000  -0.000006
  0.000229  -0.000001   0.000001
  0.000209   0.000000   0.000000
  0.000192  -0.000000   0.000001
  0.001593   0.000004   0.000003
  0.001328   0.000002  -0.000002
  0.001510  -0.000004  -0.000002
  0.002182  -0.000007   0.000006
  0.005207   0.000002   0.000001
 -0.024642   0.000019  -0.000009
   20    2  0.0000  0.0150  0.0000
 -0.000000  -0.005366   0.000064
  0.000001  -0.002821   0.000235
 -0.000003   0.003423   0.000260
 -0.000001   0.006043  -0.001359
  0.000043   0.002694  -0.000265
 -0.000061   0.008389   0.000814
  0.000000   0.000321  -0.000303
 -0.000001  -0.000332  -0.001954
  0.000001  -0.000525   0.000271
  0.000001  -0.000132   0.002105
  0.000000  -0.000219   0.000572
  0.000004   0.000080   0.000262
 -0.000000   0.000668  -0.000296
 -0.000005   0.000034  -0.000367
 -0.000011   0.001834   0.010989
 -0.000009   0.001002  -0.010429
  0.000008   0.001728   0.010366
  0.000008   0.002034  -0.011665
  0.000002   0.036978  -0.000121
  0.000023  -0.055831   0.000819
   20    3  0.0000  0.0000  0.0150
  0.000006   0.000511   0.008140
 -0.000004  -0.000080   0.003246
  0.000031  -0.001705   0.005288
 -0.000043   0.002252   0.037793
 -0.000006  -0.001648   0.018500
 -0.000004   0.002270   0.017898
  0.000009  -0.000491  -0.002588
  0.000001  -0.000504   0.000621
 -0.000002   0.000075   0.001308
  0.000001   0.000488   0.000820
  0.000007  -0.000534   0.007742
 -0.000005   0.001382  -0.000142
 -0.000002   0.000299  -0.000459
 -0.000004  -0.000916   0.000199
  0.000032   0.014767  -0.003452
 -0.000021  -0.010019  -0.003050
 -0.000025   0.012719  -0.003387
  0.000035  -0.019565  -0.003902
  0.000000  -0.000123  -0.010332
 -0.000008   0.000821  -0.074243
