    2    4   12
  78.960 118.710
    1    1  1.0000  0.0000  0.0000
 -1.949211   0.000477  -0.131594
  1.112881  -0.000207  -0.111781
 -0.084588  -0.000004  -0.056479
  0.920918  -0.000266   0.299854
    1    2  0.0000  1.0000  0.0000
  0.000207  -1.549242  -0.000756
 -0.000392   1.128382  -0.000075
 -0.000511  -0.077389   0.000060
  0.000696   0.498249   0.000771
    1    3  0.0000  0.0000  1.0000
 -0.158332   0.000039  -8.759000
  0.135534   0.000477  -3.925993
  0.071579  -0.000656   8.326113
 -0.048781   0.000141   4.358880
    2    1  1.0000  0.0000  0.0000
  1.112872  -0.000231   0.111184
 -1.947126   0.000188   0.132063
  0.918661   0.000046  -0.299487
 -0.084407  -0.000003   0.056240
    2    2  0.0000  1.0000  0.0000
 -0.000378   1.128402   0.000250
 -0.000086  -1.547878   0.000608
  0.001001   0.496894  -0.000842
 -0.000536  -0.077418  -0.000016
    2    3  0.0000  0.0000  1.0000
 -0.136136  -0.000300  -3.925941
  0.158803  -0.000167  -8.761416
  0.048672  -0.000077   4.358869
 -0.071339   0.000544   8.328489
    3    1  1.0000  0.0000  0.0000
 -0.084372   0.000197   0.014963
  0.918894  -0.000095  -0.010710
 -1.273898  -0.000260   0.176121
  0.439376   0.000158  -0.180374
    3    2  0.0000  1.0000  0.0000
 -0.000035  -0.076087   0.000342
  0.000340   0.498822  -0.000063
 -0.000094  -0.752776   0.000161
 -0.000210   0.330041  -0.000440
    3    3  0.0000  0.0000  1.0000
 -0.073194   0.000308   3.304873
 -0.283154   0.000260  -0.662610
  0.214705   0.000082  -4.123915
  0.141643  -0.000650   1.481652
    4    1  1.0000  0.0000  0.0000
  0.921149  -0.000404   0.010607
 -0.084181   0.000169  -0.014742
  0.439381   0.000172   0.180548
 -1.276349   0.000063  -0.176413
    4    2  0.0000  1.0000  0.0000
  0.000020   0.500197   0.000129
 -0.000025  -0.076126  -0.000458
 -0.000224   0.330038   0.000355
  0.000229  -0.754109  -0.000026
    4    3  0.0000  0.0000  1.0000
  0.283508  -0.000351  -0.662575
  0.072941  -0.000262   3.307217
 -0.141460   0.000564   1.481673
 -0.214990   0.000049  -4.126315
