#K-Path          Energy     s     py     pz     px    dxy    dyz    dz2    dxz  x2-y2    tot
# NKPTS & NBANDS:  60  14
# Band-Index    1
   0.00000    -13.784237  0.116  0.000  0.012  0.000  0.000  0.000  0.000  0.000  0.000  0.128
   0.03773    -13.781394  0.114  0.000  0.012  0.000  0.000  0.000  0.000  0.000  0.000  0.128
   0.07546    -13.772881  0.114  0.000  0.012  0.002  0.000  0.000  0.000  0.000  0.000  0.128
   0.11319    -13.758770  0.112  0.000  0.012  0.002  0.000  0.000  0.000  0.000  0.000  0.126
   0.15092    -13.739187  0.110  0.000  0.012  0.002  0.000  0.000  0.000  0.000  0.000  0.126
   0.18865    -13.714303  0.108  0.000  0.012  0.004  0.000  0.000  0.000  0.000  0.000  0.124
   0.22638    -13.684346  0.104  0.000  0.012  0.004  0.000  0.000  0.000  0.000  0.000  0.122
   0.26411    -13.649586  0.102  0.000  0.012  0.006  0.000  0.000  0.000  0.000  0.000  0.118
   0.30184    -13.610357  0.096  0.000  0.012  0.006  0.000  0.000  0.000  0.000  0.000  0.116
   0.33957    -13.567053  0.092  0.000  0.012  0.008  0.000  0.000  0.000  0.000  0.000  0.112
   0.37730    -13.520136  0.086  0.000  0.012  0.010  0.000  0.000  0.000  0.000  0.000  0.110
   0.41503    -13.470131  0.082  0.000  0.012  0.012  0.000  0.000  0.000  0.000  0.000  0.106
   0.45276    -13.417620  0.074  0.000  0.012  0.014  0.000  0.000  0.000  0.000  0.000  0.100
   0.49049    -13.363247  0.068  0.000  0.012  0.014  0.000  0.000  0.000  0.000  0.000  0.096
   0.52822    -13.307714  0.062  0.000  0.012  0.016  0.000  0.000  0.000  0.000  0.000  0.090
   0.56595    -13.251783  0.054  0.000  0.012  0.018  0.000  0.000  0.002  0.000  0.000  0.086
   0.60368    -13.196246  0.048  0.000  0.012  0.020  0.000  0.000  0.002  0.000  0.000  0.080
   0.64141    -13.141917  0.040  0.000  0.012  0.020  0.000  0.000  0.002  0.000  0.000  0.074
   0.67914    -13.089612  0.034  0.000  0.012  0.022  0.000  0.000  0.002  0.000  0.000  0.070
   0.71687    -13.040098  0.028  0.000  0.012  0.021  0.000  0.000  0.002  0.000  0.000  0.064
   0.71687    -13.040098  0.028  0.000  0.012  0.021  0.000  0.000  0.002  0.000  0.000  0.064
   0.75539    -13.038401  0.028  0.000  0.012  0.021  0.000  0.000  0.002  0.000  0.000  0.064
   0.79391    -13.033345  0.028  0.000  0.012  0.021  0.000  0.000  0.002  0.000  0.000  0.064
   0.83243    -13.025039  0.027  0.000  0.012  0.021  0.000  0.000  0.002  0.000  0.000  0.063
   0.87095    -13.013664  0.027  0.000  0.012  0.020  0.000  0.000  0.002  0.000  0.000  0.063
   0.90947    -12.999470  0.027  0.000  0.012  0.018  0.001  0.000  0.002  0.000  0.000  0.062
   0.94799    -12.982775  0.026  0.001  0.012  0.018  0.001  0.000  0.002  0.000  0.000  0.060
   0.98651    -12.963966  0.026  0.001  0.012  0.016  0.002  0.000  0.002  0.000  0.000  0.059
   1.02503    -12.943493  0.025  0.001  0.012  0.015  0.003  0.000  0.002  0.000  0.000  0.058
   1.06355    -12.921864  0.025  0.001  0.011  0.012  0.003  0.000  0.002  0.000  0.000  0.056
   1.10207    -12.899634  0.023  0.001  0.011  0.011  0.004  0.000  0.002  0.000  0.000  0.054
   1.14059    -12.877404  0.023  0.002  0.011  0.009  0.004  0.000  0.002  0.000  0.000  0.052
   1.17911    -12.855795  0.023  0.002  0.012  0.007  0.005  0.000  0.002  0.000  0.000  0.051
   1.21764    -12.835436  0.022  0.002  0.012  0.006  0.005  0.000  0.002  0.000  0.000  0.050
   1.25616    -12.816944  0.021  0.002  0.012  0.004  0.006  0.000  0.002  0.000  0.000  0.049
   1.29468    -12.800898  0.021  0.002  0.012  0.003  0.006  0.000  0.002  0.000  0.000  0.047
   1.33320    -12.787816  0.020  0.002  0.012  0.001  0.007  0.000  0.002  0.000  0.000  0.046
   1.37172    -12.778136  0.020  0.003  0.012  0.001  0.007  0.000  0.002  0.000  0.000  0.045
   1.41024    -12.772191  0.020  0.003  0.012  0.000  0.007  0.000  0.003  0.000  0.000  0.045
   1.44876    -12.770184  0.020  0.003  0.012  0.000  0.007  0.000  0.003  0.000  0.000  0.044
   1.44876    -12.770184  0.020  0.003  0.012  0.000  0.007  0.000  0.003  0.000  0.000  0.044
   1.50268    -12.778260  0.020  0.004  0.012  0.000  0.008  0.000  0.002  0.000  0.000  0.046
   1.55660    -12.802160  0.022  0.004  0.012  0.000  0.006  0.000  0.002  0.000  0.000  0.048
   1.61052    -12.840933  0.026  0.004  0.012  0.002  0.006  0.000  0.002  0.000  0.000  0.052
   1.66444    -12.893071  0.030  0.004  0.012  0.002  0.006  0.000  0.002  0.000  0.000  0.056
   1.71836    -12.956588  0.036  0.006  0.012  0.004  0.004  0.000  0.002  0.000  0.000  0.062
   1.77228    -13.029147  0.042  0.006  0.012  0.004  0.004  0.000  0.002  0.000  0.000  0.070
   1.82620    -13.108209  0.048  0.006  0.012  0.006  0.004  0.000  0.002  0.000  0.000  0.076
   1.88012    -13.191181  0.056  0.006  0.012  0.006  0.002  0.000  0.000  0.000  0.000  0.084
   1.93404    -13.275489  0.064  0.006  0.012  0.006  0.002  0.000  0.000  0.000  0.000  0.090
   1.98796    -13.358737  0.072  0.006  0.012  0.006  0.002  0.000  0.000  0.000  0.000  0.098
   2.04188    -13.438729  0.080  0.006  0.012  0.004  0.000  0.000  0.000  0.000  0.000  0.104
   2.09580    -13.513540  0.088  0.004  0.012  0.004  0.000  0.000  0.000  0.000  0.000  0.110
   2.14972    -13.581510  0.094  0.004  0.012  0.004  0.000  0.000  0.000  0.000  0.000  0.114
   2.20364    -13.641233  0.100  0.002  0.012  0.002  0.000  0.000  0.000  0.000  0.000  0.118
   2.25756    -13.691567  0.106  0.002  0.012  0.002  0.000  0.000  0.000  0.000  0.000  0.122
   2.31148    -13.731614  0.110  0.000  0.012  0.002  0.000  0.000  0.000  0.000  0.000  0.124
   2.36540    -13.760695  0.112  0.000  0.012  0.002  0.000  0.000  0.000  0.000  0.000  0.126
   2.41932    -13.778331  0.114  0.000  0.012  0.000  0.000  0.000  0.000  0.000  0.000  0.128
   2.47324    -13.784237  0.116  0.000  0.012  0.000  0.000  0.000  0.000  0.000  0.000  0.128
 
# Band-Index    2
   2.47324    -12.791264  0.020  0.000  0.010  0.002  0.000  0.000  0.010  0.000  0.000  0.042
   2.41932    -12.790177  0.020  0.000  0.010  0.002  0.000  0.000  0.010  0.000  0.000  0.042
   2.36540    -12.787018  0.018  0.000  0.010  0.002  0.000  0.000  0.010  0.000  0.000  0.040
   2.31148    -12.782073  0.016  0.002  0.010  0.004  0.000  0.000  0.008  0.000  0.000  0.040
   2.25756    -12.775796  0.014  0.002  0.010  0.004  0.000  0.000  0.008  0.000  0.000  0.038
   2.20364    -12.768770  0.010  0.004  0.010  0.004  0.000  0.000  0.008  0.000  0.000  0.038
   2.14972    -12.761653  0.008  0.004  0.010  0.006  0.000  0.000  0.008  0.000  0.000  0.036
   2.09580    -12.755114  0.006  0.006  0.010  0.006  0.000  0.000  0.008  0.000  0.000  0.034
   2.04188    -12.749755  0.004  0.006  0.010  0.006  0.002  0.000  0.006  0.000  0.000  0.034
   1.98796    -12.746043  0.002  0.006  0.010  0.006  0.002  0.000  0.006  0.000  0.000  0.034
   1.93404    -12.744256  0.002  0.006  0.010  0.006  0.002  0.000  0.006  0.000  0.000  0.034
   1.88012    -12.744453  0.002  0.006  0.012  0.006  0.002  0.000  0.004  0.000  0.000  0.034
   1.82620    -12.746461  0.004  0.006  0.012  0.006  0.004  0.000  0.004  0.000  0.000  0.036
   1.77228    -12.749917  0.008  0.006  0.012  0.004  0.004  0.000  0.004  0.000  0.000  0.038
   1.71836    -12.754296  0.010  0.006  0.012  0.004  0.006  0.000  0.004  0.000  0.000  0.038
   1.66444    -12.759001  0.014  0.004  0.012  0.002  0.006  0.000  0.004  0.000  0.000  0.040
   1.61052    -12.763427  0.016  0.004  0.012  0.002  0.006  0.000  0.002  0.000  0.000  0.042
   1.55660    -12.767029  0.018  0.004  0.012  0.000  0.006  0.000  0.002  0.000  0.000  0.044
   1.50268    -12.769372  0.020  0.004  0.012  0.000  0.008  0.000  0.002  0.000  0.000  0.044
   1.44876    -12.770184  0.020  0.003  0.012  0.000  0.007  0.000  0.003  0.000  0.000  0.044
   1.44876    -12.770184  0.020  0.003  0.012  0.000  0.007  0.000  0.003  0.000  0.000  0.044
   1.41024    -12.772191  0.020  0.003  0.012  0.000  0.007  0.000  0.003  0.000  0.000  0.045
   1.37172    -12.778136  0.020  0.003  0.012  0.001  0.007  0.000  0.002  0.000  0.000  0.045
   1.33320    -12.787816  0.020  0.002  0.012  0.001  0.007  0.000  0.002  0.000  0.000  0.046
   1.29468    -12.800898  0.021  0.002  0.012  0.003  0.006  0.000  0.002  0.000  0.000  0.047
   1.25616    -12.816944  0.021  0.002  0.012  0.004  0.006  0.000  0.002  0.000  0.000  0.049
   1.21764    -12.835435  0.022  0.002  0.012  0.006  0.005  0.000  0.002  0.000  0.000  0.050
   1.17911    -12.855795  0.023  0.002  0.012  0.007  0.005  0.000  0.002  0.000  0.000  0.051
   1.14059    -12.877404  0.023  0.002  0.011  0.009  0.004  0.000  0.002  0.000  0.000  0.052
   1.10207    -12.899634  0.023  0.001  0.011  0.011  0.004  0.000  0.002  0.000  0.000  0.054
   1.06355    -12.921863  0.025  0.001  0.011  0.012  0.003  0.000  0.002  0.000  0.000  0.056
   1.02503    -12.943493  0.025  0.001  0.012  0.015  0.003  0.000  0.002  0.000  0.000  0.058
   0.98651    -12.963965  0.026  0.001  0.012  0.016  0.002  0.000  0.002  0.000  0.000  0.059
   0.94799    -12.982774  0.026  0.001  0.012  0.018  0.001  0.000  0.002  0.000  0.000  0.060
   0.90947    -12.999470  0.027  0.000  0.012  0.018  0.001  0.000  0.002  0.000  0.000  0.062
   0.87095    -13.013664  0.027  0.000  0.012  0.020  0.000  0.000  0.002  0.000  0.000  0.063
   0.83243    -13.025039  0.027  0.000  0.012  0.021  0.000  0.000  0.002  0.000  0.000  0.063
   0.79391    -13.033345  0.028  0.000  0.012  0.021  0.000  0.000  0.002  0.000  0.000  0.064
   0.75539    -13.038400  0.028  0.000  0.012  0.021  0.000  0.000  0.002  0.000  0.000  0.064
   0.71687    -13.040098  0.028  0.000  0.012  0.021  0.000  0.000  0.002  0.000  0.000  0.064
   0.71687    -13.040098  0.028  0.000  0.012  0.021  0.000  0.000  0.002  0.000  0.000  0.064
   0.67914    -12.994086  0.022  0.000  0.012  0.022  0.000  0.000  0.002  0.000  0.000  0.058
   0.64141    -12.952182  0.018  0.000  0.012  0.022  0.000  0.000  0.004  0.000  0.000  0.054
   0.60368    -12.914860  0.014  0.000  0.012  0.022  0.000  0.000  0.004  0.000  0.000  0.050
   0.56595    -12.882436  0.010  0.000  0.012  0.020  0.000  0.000  0.004  0.000  0.000  0.046
   0.52822    -12.855046  0.008  0.000  0.010  0.020  0.000  0.000  0.004  0.000  0.000  0.044
   0.49049    -12.832649  0.006  0.000  0.010  0.018  0.000  0.000  0.006  0.000  0.000  0.040
   0.45276    -12.815025  0.006  0.000  0.010  0.018  0.000  0.000  0.006  0.000  0.000  0.040
   0.41503    -12.801812  0.006  0.000  0.010  0.016  0.000  0.000  0.006  0.000  0.000  0.038
   0.37730    -12.792529  0.006  0.000  0.010  0.014  0.000  0.000  0.006  0.000  0.000  0.038
   0.33957    -12.786614  0.008  0.000  0.010  0.012  0.000  0.000  0.008  0.000  0.000  0.038
   0.30184    -12.783455  0.010  0.000  0.010  0.010  0.000  0.000  0.008  0.000  0.000  0.038
   0.26411    -12.782422  0.012  0.000  0.010  0.008  0.000  0.000  0.008  0.000  0.000  0.038
   0.22638    -12.782907  0.014  0.000  0.010  0.008  0.000  0.000  0.008  0.000  0.000  0.040
   0.18865    -12.784351  0.016  0.000  0.010  0.006  0.000  0.000  0.008  0.000  0.000  0.040
   0.15092    -12.786252  0.018  0.000  0.010  0.004  0.000  0.000  0.008  0.000  0.000  0.040
   0.11319    -12.788186  0.018  0.000  0.010  0.004  0.000  0.000  0.010  0.000  0.000  0.040
   0.07546    -12.789814  0.020  0.000  0.010  0.002  0.000  0.000  0.010  0.000  0.000  0.042
   0.03773    -12.790888  0.020  0.000  0.010  0.002  0.000  0.000  0.010  0.000  0.000  0.042
   0.00000    -12.791264  0.020  0.000  0.010  0.002  0.000  0.000  0.010  0.000  0.000  0.042
 
# Band-Index    3
   0.00000     -6.725505  0.704  0.000  0.004  0.000  0.000  0.000  0.002  0.000  0.000  0.710
   0.03773     -6.736689  0.702  0.000  0.004  0.000  0.000  0.000  0.002  0.000  0.000  0.708
   0.07546     -6.769440  0.696  0.000  0.004  0.002  0.000  0.000  0.002  0.000  0.000  0.704
   0.11319     -6.821504  0.688  0.000  0.004  0.002  0.000  0.000  0.002  0.000  0.000  0.698
   0.15092     -6.889567  0.678  0.000  0.004  0.004  0.000  0.000  0.002  0.000  0.000  0.688
   0.18865     -6.969731  0.668  0.000  0.004  0.004  0.000  0.000  0.002  0.000  0.000  0.680
   0.22638     -7.057935  0.658  0.000  0.004  0.006  0.000  0.000  0.000  0.000  0.000  0.670
   0.26411     -7.150237  0.648  0.000  0.004  0.006  0.000  0.000  0.000  0.000  0.000  0.660
   0.30184     -7.242965  0.640  0.000  0.004  0.006  0.000  0.000  0.000  0.000  0.000  0.652
   0.33957     -7.332813  0.632  0.000  0.004  0.006  0.000  0.000  0.000  0.000  0.000  0.644
   0.37730     -7.416852  0.626  0.000  0.004  0.006  0.000  0.000  0.000  0.002  0.000  0.636
   0.41503     -7.492524  0.618  0.000  0.004  0.004  0.000  0.000  0.000  0.002  0.000  0.628
   0.45276     -7.557639  0.612  0.000  0.004  0.004  0.000  0.000  0.000  0.002  0.000  0.622
   0.49049     -7.610372  0.606  0.000  0.004  0.002  0.000  0.000  0.000  0.002  0.000  0.614
   0.52822     -7.649267  0.600  0.000  0.004  0.002  0.000  0.000  0.000  0.002  0.000  0.608
   0.56595     -7.673222  0.594  0.000  0.002  0.002  0.000  0.000  0.000  0.002  0.000  0.600
   0.60368     -7.681501  0.588  0.000  0.002  0.000  0.000  0.000  0.000  0.002  0.000  0.594
   0.64141     -7.673719  0.580  0.000  0.002  0.000  0.000  0.000  0.000  0.002  0.000  0.586
   0.67914     -7.649815  0.574  0.000  0.002  0.000  0.000  0.000  0.000  0.002  0.000  0.580
   0.71687     -7.610031  0.566  0.000  0.003  0.000  0.000  0.000  0.001  0.001  0.001  0.572
   0.71687     -7.610031  0.566  0.000  0.003  0.000  0.000  0.000  0.001  0.001  0.001  0.572
   0.75539     -7.605800  0.567  0.000  0.003  0.000  0.000  0.000  0.001  0.001  0.001  0.573
   0.79391     -7.593139  0.567  0.000  0.003  0.000  0.000  0.000  0.001  0.001  0.000  0.574
   0.83243     -7.572143  0.569  0.001  0.003  0.000  0.000  0.000  0.001  0.001  0.000  0.576
   0.87095     -7.542981  0.570  0.002  0.003  0.000  0.000  0.000  0.001  0.001  0.000  0.578
   0.90947     -7.505898  0.572  0.003  0.003  0.000  0.000  0.000  0.001  0.001  0.000  0.581
   0.94799     -7.461230  0.575  0.005  0.003  0.000  0.000  0.000  0.001  0.001  0.000  0.585
   0.98651     -7.409427  0.578  0.006  0.003  0.000  0.000  0.000  0.000  0.001  0.000  0.589
   1.02503     -7.351074  0.583  0.007  0.003  0.000  0.000  0.000  0.000  0.001  0.000  0.595
   1.06355     -7.286925  0.588  0.008  0.003  0.000  0.000  0.000  0.000  0.001  0.000  0.601
   1.10207     -7.217952  0.594  0.009  0.003  0.000  0.000  0.000  0.000  0.001  0.000  0.609
   1.14059     -7.145397  0.601  0.011  0.003  0.001  0.000  0.000  0.000  0.000  0.000  0.617
   1.17911     -7.070840  0.610  0.011  0.003  0.001  0.000  0.000  0.000  0.000  0.000  0.627
   1.21764     -6.996280  0.620  0.011  0.003  0.002  0.000  0.000  0.000  0.000  0.000  0.638
   1.25616     -6.924210  0.631  0.011  0.003  0.003  0.000  0.000  0.000  0.000  0.000  0.649
   1.29468     -6.857644  0.643  0.010  0.003  0.005  0.000  0.000  0.000  0.000  0.000  0.662
   1.33320     -6.800075  0.654  0.009  0.004  0.006  0.000  0.000  0.000  0.000  0.000  0.673
   1.37172     -6.755236  0.663  0.008  0.003  0.008  0.000  0.000  0.000  0.000  0.000  0.683
   1.41024     -6.726616  0.670  0.007  0.003  0.009  0.000  0.000  0.000  0.000  0.000  0.690
   1.44876     -6.716762  0.672  0.006  0.004  0.009  0.000  0.000  0.000  0.000  0.000  0.692
   1.44876     -6.716762  0.672  0.006  0.004  0.009  0.000  0.000  0.000  0.000  0.000  0.692
   1.50268     -6.737991  0.672  0.006  0.004  0.008  0.000  0.000  0.000  0.000  0.000  0.690
   1.55660     -6.797359  0.668  0.006  0.004  0.008  0.000  0.000  0.000  0.000  0.000  0.686
   1.61052     -6.883812  0.664  0.006  0.004  0.008  0.000  0.000  0.000  0.000  0.000  0.680
   1.66444     -6.983714  0.660  0.004  0.004  0.006  0.000  0.000  0.000  0.000  0.000  0.674
   1.71836     -7.084362  0.656  0.004  0.004  0.004  0.000  0.000  0.000  0.000  0.000  0.668
   1.77228     -7.175587  0.654  0.002  0.004  0.004  0.000  0.000  0.000  0.000  0.000  0.664
   1.82620     -7.249966  0.654  0.002  0.004  0.002  0.000  0.000  0.000  0.000  0.000  0.662
   1.88012     -7.302442  0.654  0.000  0.004  0.002  0.000  0.000  0.000  0.000  0.000  0.660
   1.93404     -7.329907  0.654  0.000  0.004  0.000  0.000  0.000  0.000  0.000  0.000  0.660
   1.98796     -7.330883  0.656  0.000  0.004  0.000  0.000  0.000  0.000  0.000  0.000  0.660
   2.04188     -7.305376  0.656  0.000  0.004  0.000  0.000  0.000  0.000  0.000  0.000  0.662
   2.09580     -7.254868  0.658  0.000  0.004  0.002  0.000  0.000  0.000  0.000  0.000  0.664
   2.14972     -7.182417  0.660  0.002  0.004  0.002  0.000  0.000  0.000  0.000  0.000  0.668
   2.20364     -7.092927  0.666  0.002  0.004  0.002  0.000  0.000  0.000  0.000  0.000  0.674
   2.25756     -6.993553  0.672  0.002  0.004  0.002  0.000  0.000  0.002  0.000  0.000  0.682
   2.31148     -6.894159  0.682  0.002  0.004  0.002  0.000  0.000  0.002  0.000  0.000  0.690
   2.36540     -6.807349  0.692  0.000  0.004  0.002  0.000  0.000  0.002  0.000  0.000  0.700
   2.41932     -6.747165  0.700  0.000  0.004  0.000  0.000  0.000  0.002  0.000  0.000  0.708
   2.47324     -6.725505  0.704  0.000  0.004  0.000  0.000  0.000  0.002  0.000  0.000  0.710
 
# Band-Index    4
   2.47324     -5.748259  0.502  0.000  0.018  0.000  0.000  0.000  0.002  0.000  0.000  0.522
   2.41932     -5.773094  0.504  0.000  0.016  0.000  0.000  0.000  0.002  0.000  0.000  0.522
   2.36540     -5.844035  0.506  0.000  0.014  0.002  0.000  0.000  0.002  0.000  0.000  0.524
   2.31148     -5.951650  0.512  0.002  0.012  0.002  0.000  0.000  0.000  0.000  0.000  0.528
   2.25756     -6.083623  0.516  0.002  0.010  0.002  0.000  0.000  0.000  0.000  0.000  0.530
   2.20364     -6.227744  0.520  0.002  0.008  0.002  0.000  0.000  0.000  0.000  0.000  0.534
   2.14972     -6.373579  0.526  0.002  0.006  0.002  0.002  0.000  0.000  0.000  0.000  0.536
   2.09580     -6.512906  0.532  0.002  0.004  0.000  0.002  0.000  0.000  0.000  0.000  0.542
   2.04188     -6.639478  0.538  0.000  0.004  0.000  0.002  0.000  0.000  0.000  0.000  0.546
   1.98796     -6.748544  0.546  0.000  0.004  0.000  0.002  0.000  0.000  0.000  0.000  0.552
   1.93404     -6.836522  0.552  0.000  0.002  0.000  0.002  0.000  0.000  0.000  0.000  0.560
   1.88012     -6.900739  0.560  0.002  0.002  0.000  0.002  0.000  0.000  0.000  0.000  0.570
   1.82620     -6.939378  0.568  0.002  0.002  0.002  0.002  0.000  0.000  0.000  0.000  0.580
   1.77228     -6.951614  0.578  0.004  0.002  0.004  0.002  0.000  0.000  0.000  0.000  0.592
   1.71836     -6.937974  0.590  0.006  0.002  0.006  0.002  0.000  0.000  0.000  0.000  0.606
   1.66444     -6.901070  0.604  0.006  0.002  0.008  0.002  0.000  0.000  0.000  0.000  0.624
   1.61052     -6.846837  0.622  0.008  0.002  0.008  0.002  0.000  0.000  0.000  0.000  0.642
   1.55660     -6.786258  0.644  0.008  0.004  0.010  0.000  0.000  0.000  0.000  0.000  0.664
   1.50268     -6.736454  0.664  0.006  0.004  0.010  0.000  0.000  0.000  0.000  0.000  0.684
   1.44876     -6.716762  0.672  0.006  0.004  0.009  0.000  0.000  0.000  0.000  0.000  0.692
   1.44876     -6.716762  0.672  0.006  0.004  0.009  0.000  0.000  0.000  0.000  0.000  0.692
   1.41024     -6.726616  0.670  0.007  0.003  0.009  0.000  0.000  0.000  0.000  0.000  0.690
   1.37172     -6.755236  0.663  0.008  0.003  0.008  0.000  0.000  0.000  0.000  0.000  0.683
   1.33320     -6.800075  0.654  0.009  0.004  0.006  0.000  0.000  0.000  0.000  0.000  0.673
   1.29468     -6.857644  0.643  0.010  0.003  0.005  0.000  0.000  0.000  0.000  0.000  0.662
   1.25616     -6.924210  0.631  0.011  0.003  0.003  0.000  0.000  0.000  0.000  0.000  0.649
   1.21764     -6.996280  0.620  0.011  0.003  0.002  0.000  0.000  0.000  0.000  0.000  0.638
   1.17911     -7.070840  0.610  0.011  0.003  0.001  0.000  0.000  0.000  0.000  0.000  0.627
   1.14059     -7.145397  0.601  0.011  0.003  0.001  0.000  0.000  0.000  0.000  0.000  0.617
   1.10207     -7.217951  0.594  0.009  0.003  0.000  0.000  0.000  0.000  0.001  0.000  0.609
   1.06355     -7.286925  0.588  0.008  0.003  0.000  0.000  0.000  0.000  0.001  0.000  0.601
   1.02503     -7.351074  0.583  0.007  0.003  0.000  0.000  0.000  0.000  0.001  0.000  0.595
   0.98651     -7.409427  0.578  0.006  0.003  0.000  0.000  0.000  0.000  0.001  0.000  0.589
   0.94799     -7.461230  0.575  0.005  0.003  0.000  0.000  0.000  0.001  0.001  0.000  0.585
   0.90947     -7.505897  0.572  0.003  0.003  0.000  0.000  0.000  0.001  0.001  0.000  0.581
   0.87095     -7.542981  0.570  0.002  0.003  0.000  0.000  0.000  0.001  0.001  0.000  0.578
   0.83243     -7.572143  0.569  0.001  0.003  0.000  0.000  0.000  0.001  0.001  0.000  0.576
   0.79391     -7.593138  0.567  0.000  0.003  0.000  0.000  0.000  0.001  0.001  0.000  0.574
   0.75539     -7.605800  0.567  0.000  0.003  0.000  0.000  0.000  0.001  0.001  0.001  0.573
   0.71687     -7.610030  0.566  0.000  0.003  0.000  0.000  0.000  0.001  0.001  0.001  0.572
   0.71687     -7.610030  0.566  0.000  0.003  0.000  0.000  0.000  0.001  0.001  0.001  0.572
   0.67914     -7.554878  0.560  0.000  0.002  0.000  0.000  0.000  0.000  0.002  0.000  0.566
   0.64141     -7.485122  0.552  0.000  0.002  0.002  0.000  0.000  0.000  0.002  0.000  0.560
   0.60368     -7.401725  0.546  0.000  0.002  0.002  0.000  0.000  0.000  0.002  0.000  0.554
   0.56595     -7.305837  0.540  0.000  0.002  0.004  0.000  0.000  0.000  0.002  0.000  0.548
   0.52822     -7.198768  0.534  0.000  0.004  0.004  0.000  0.000  0.000  0.002  0.000  0.544
   0.49049     -7.082000  0.528  0.000  0.004  0.006  0.000  0.000  0.000  0.002  0.000  0.540
   0.45276     -6.957178  0.524  0.000  0.004  0.006  0.000  0.000  0.000  0.002  0.000  0.536
   0.41503     -6.826131  0.520  0.000  0.004  0.006  0.000  0.000  0.000  0.002  0.000  0.534
   0.37730     -6.690918  0.518  0.000  0.004  0.008  0.000  0.000  0.000  0.000  0.000  0.532
   0.33957     -6.553860  0.516  0.000  0.006  0.008  0.000  0.000  0.000  0.000  0.000  0.530
   0.30184     -6.417569  0.514  0.000  0.006  0.008  0.000  0.000  0.000  0.000  0.000  0.528
   0.26411     -6.284989  0.512  0.000  0.008  0.008  0.000  0.000  0.000  0.000  0.000  0.528
   0.22638     -6.159409  0.512  0.000  0.008  0.006  0.000  0.000  0.000  0.000  0.000  0.528
   0.18865     -6.044405  0.510  0.000  0.010  0.006  0.000  0.000  0.000  0.000  0.000  0.526
   0.15092     -5.943687  0.508  0.000  0.012  0.004  0.000  0.000  0.000  0.000  0.000  0.526
   0.11319     -5.860876  0.506  0.000  0.014  0.002  0.000  0.000  0.002  0.000  0.000  0.524
   0.07546     -5.799188  0.504  0.000  0.016  0.002  0.000  0.000  0.002  0.000  0.000  0.524
   0.03773     -5.761124  0.502  0.000  0.018  0.002  0.000  0.000  0.002  0.000  0.000  0.522
   0.00000     -5.748259  0.502  0.000  0.018  0.000  0.000  0.000  0.002  0.000  0.000  0.522
 
# Band-Index    5
   0.00000     -3.887189  0.150  0.000  0.210  0.004  0.000  0.000  0.008  0.000  0.000  0.372
   0.03773     -3.888053  0.146  0.000  0.210  0.004  0.000  0.000  0.008  0.000  0.000  0.368
   0.07546     -3.889594  0.134  0.000  0.212  0.004  0.000  0.000  0.008  0.000  0.000  0.358
   0.11319     -3.889191  0.118  0.000  0.212  0.004  0.000  0.000  0.008  0.000  0.000  0.344
   0.15092     -3.883798  0.102  0.000  0.212  0.004  0.000  0.000  0.008  0.000  0.000  0.326
   0.18865     -3.870900  0.086  0.000  0.212  0.004  0.000  0.000  0.008  0.000  0.000  0.312
   0.22638     -3.848916  0.072  0.000  0.212  0.004  0.000  0.000  0.010  0.000  0.000  0.296
   0.26411     -3.817145  0.060  0.000  0.210  0.004  0.000  0.000  0.010  0.000  0.000  0.284
   0.30184     -3.775528  0.050  0.000  0.210  0.002  0.000  0.000  0.010  0.002  0.000  0.274
   0.33957     -3.724407  0.042  0.000  0.208  0.002  0.000  0.000  0.010  0.002  0.000  0.264
   0.37730     -3.664351  0.036  0.000  0.206  0.002  0.000  0.000  0.012  0.002  0.000  0.256
   0.41503     -3.596051  0.030  0.000  0.204  0.002  0.000  0.000  0.012  0.002  0.000  0.250
   0.45276     -3.520273  0.026  0.000  0.200  0.002  0.000  0.000  0.012  0.002  0.000  0.242
   0.49049     -3.437851  0.022  0.000  0.198  0.000  0.000  0.000  0.012  0.004  0.000  0.236
   0.52822     -3.349701  0.018  0.000  0.194  0.002  0.000  0.000  0.012  0.004  0.000  0.230
   0.56595     -3.256844  0.016  0.000  0.188  0.002  0.000  0.000  0.014  0.004  0.000  0.224
   0.60368     -3.160464  0.014  0.000  0.184  0.002  0.000  0.000  0.014  0.004  0.000  0.218
   0.64141     -3.061973  0.010  0.000  0.178  0.002  0.000  0.000  0.014  0.004  0.000  0.210
   0.67914     -2.963124  0.008  0.000  0.170  0.004  0.000  0.000  0.016  0.004  0.000  0.202
   0.71687     -2.866160  0.005  0.000  0.160  0.007  0.000  0.000  0.017  0.004  0.001  0.195
   0.71687     -2.866160  0.005  0.000  0.160  0.007  0.000  0.000  0.017  0.004  0.001  0.195
   0.75539     -2.869053  0.005  0.001  0.158  0.008  0.000  0.000  0.017  0.004  0.001  0.194
   0.79391     -2.880392  0.003  0.004  0.150  0.011  0.001  0.000  0.017  0.004  0.001  0.192
   0.83243     -2.911740  0.000  0.014  0.128  0.022  0.003  0.000  0.016  0.003  0.001  0.188
   0.87095     -2.993197  0.002  0.035  0.079  0.047  0.009  0.001  0.012  0.001  0.001  0.188
   0.90947     -3.147892  0.010  0.053  0.034  0.077  0.014  0.002  0.008  0.000  0.001  0.199
   0.94799     -3.346185  0.018  0.061  0.015  0.096  0.014  0.002  0.005  0.000  0.001  0.215
   0.98651     -3.557006  0.025  0.066  0.008  0.108  0.013  0.002  0.004  0.000  0.001  0.228
   1.02503     -3.766467  0.030  0.070  0.005  0.117  0.010  0.002  0.003  0.001  0.001  0.239
   1.06355     -3.968101  0.034  0.073  0.003  0.123  0.009  0.002  0.002  0.001  0.001  0.247
   1.10207     -4.158230  0.037  0.076  0.002  0.126  0.007  0.002  0.002  0.001  0.001  0.254
   1.14059     -4.334389  0.040  0.079  0.002  0.128  0.005  0.002  0.002  0.001  0.001  0.261
   1.17911     -4.494730  0.043  0.083  0.001  0.128  0.004  0.002  0.001  0.001  0.001  0.265
   1.21764     -4.637745  0.045  0.089  0.000  0.127  0.002  0.002  0.001  0.001  0.000  0.267
   1.25616     -4.762103  0.045  0.094  0.000  0.123  0.002  0.002  0.000  0.001  0.000  0.269
   1.29468     -4.866541  0.046  0.099  0.000  0.119  0.001  0.002  0.000  0.001  0.000  0.269
   1.33320     -4.949793  0.046  0.104  0.000  0.114  0.000  0.003  0.000  0.002  0.000  0.269
   1.37172     -5.010573  0.045  0.108  0.000  0.109  0.000  0.002  0.000  0.002  0.000  0.267
   1.41024     -5.047664  0.044  0.111  0.000  0.106  0.000  0.002  0.000  0.002  0.000  0.266
   1.44876     -5.060145  0.044  0.112  0.000  0.105  0.000  0.002  0.000  0.002  0.000  0.265
   1.44876     -5.060145  0.044  0.112  0.000  0.105  0.000  0.002  0.000  0.002  0.000  0.265
   1.50268     -5.060481  0.040  0.112  0.000  0.106  0.000  0.002  0.000  0.002  0.000  0.262
   1.55660     -5.056597  0.030  0.114  0.000  0.108  0.000  0.002  0.000  0.002  0.000  0.256
   1.61052     -5.039545  0.020  0.116  0.000  0.108  0.000  0.002  0.000  0.002  0.000  0.248
   1.66444     -5.003702  0.012  0.116  0.000  0.110  0.000  0.002  0.000  0.002  0.002  0.244
   1.71836     -4.947702  0.008  0.116  0.000  0.110  0.000  0.002  0.000  0.002  0.002  0.240
   1.77228     -4.872558  0.004  0.116  0.000  0.110  0.000  0.002  0.000  0.002  0.002  0.236
   1.82620     -4.780229  0.004  0.116  0.000  0.108  0.000  0.002  0.000  0.002  0.002  0.234
   1.88012     -4.673016  0.002  0.114  0.000  0.108  0.000  0.002  0.000  0.002  0.004  0.232
   1.93404     -4.553440  0.002  0.114  0.000  0.106  0.000  0.002  0.000  0.002  0.004  0.230
   1.98796     -4.424294  0.002  0.112  0.000  0.106  0.000  0.002  0.000  0.002  0.004  0.228
   2.04188     -4.288756  0.000  0.112  0.000  0.104  0.000  0.002  0.000  0.002  0.004  0.226
   2.09580     -4.150511  0.000  0.110  0.000  0.102  0.000  0.002  0.000  0.002  0.004  0.224
   2.14972     -4.013845  0.000  0.110  0.000  0.102  0.000  0.002  0.000  0.002  0.004  0.220
   2.20364     -3.883685  0.000  0.108  0.000  0.100  0.002  0.002  0.000  0.002  0.004  0.218
   2.25756     -3.855829  0.080  0.000  0.212  0.004  0.000  0.000  0.010  0.000  0.000  0.308
   2.31148     -3.881097  0.100  0.000  0.212  0.004  0.000  0.000  0.008  0.000  0.000  0.326
   2.36540     -3.890082  0.122  0.000  0.212  0.004  0.000  0.000  0.008  0.000  0.000  0.346
   2.41932     -3.889086  0.142  0.000  0.212  0.004  0.000  0.000  0.008  0.000  0.000  0.364
   2.47324     -3.887189  0.150  0.000  0.210  0.004  0.000  0.000  0.008  0.000  0.000  0.372
 
# Band-Index    6
   2.47324     -3.540140  0.002  0.000  0.000  0.198  0.000  0.000  0.000  0.004  0.002  0.208
   2.41932     -3.544813  0.002  0.054  0.000  0.146  0.000  0.002  0.000  0.004  0.002  0.208
   2.36540     -3.589317  0.000  0.092  0.000  0.110  0.002  0.002  0.000  0.002  0.002  0.210
   2.31148     -3.665386  0.000  0.102  0.000  0.102  0.002  0.002  0.000  0.002  0.002  0.212
   2.25756     -3.765551  0.000  0.106  0.000  0.100  0.002  0.002  0.000  0.002  0.004  0.214
   2.20364     -3.812552  0.066  0.000  0.210  0.004  0.000  0.000  0.010  0.000  0.000  0.292
   2.14972     -3.752758  0.052  0.000  0.208  0.006  0.000  0.000  0.010  0.000  0.000  0.278
   2.09580     -3.679955  0.042  0.002  0.204  0.008  0.000  0.000  0.012  0.000  0.000  0.266
   2.04188     -3.599595  0.034  0.002  0.196  0.010  0.000  0.002  0.012  0.000  0.000  0.256
   1.98796     -3.520519  0.024  0.006  0.180  0.018  0.000  0.002  0.012  0.000  0.000  0.244
   1.93404     -3.458913  0.016  0.014  0.150  0.038  0.000  0.002  0.012  0.000  0.000  0.232
   1.88012     -3.444566  0.008  0.030  0.088  0.080  0.000  0.002  0.008  0.000  0.002  0.220
   1.82620     -3.518896  0.018  0.056  0.016  0.122  0.004  0.002  0.002  0.002  0.002  0.220
   1.77228     -3.730957  0.050  0.084  0.010  0.104  0.006  0.000  0.004  0.002  0.000  0.258
   1.71836     -4.027666  0.072  0.096  0.006  0.100  0.004  0.002  0.004  0.002  0.000  0.284
   1.66444     -4.336591  0.080  0.102  0.004  0.100  0.002  0.002  0.002  0.002  0.000  0.296
   1.61052     -4.619571  0.078  0.106  0.002  0.102  0.002  0.002  0.002  0.002  0.000  0.294
   1.55660     -4.850642  0.066  0.110  0.000  0.104  0.000  0.002  0.000  0.002  0.000  0.284
   1.50268     -5.005165  0.052  0.112  0.000  0.104  0.000  0.002  0.000  0.002  0.000  0.272
   1.44876     -5.060144  0.044  0.112  0.000  0.105  0.000  0.002  0.000  0.002  0.000  0.265
   1.44876     -5.060144  0.044  0.112  0.000  0.105  0.000  0.002  0.000  0.002  0.000  0.265
   1.41024     -5.047664  0.044  0.111  0.000  0.106  0.000  0.002  0.000  0.002  0.000  0.266
   1.37172     -5.010572  0.045  0.108  0.000  0.109  0.000  0.002  0.000  0.002  0.000  0.267
   1.33320     -4.949793  0.046  0.104  0.000  0.114  0.000  0.003  0.000  0.002  0.000  0.269
   1.29468     -4.866541  0.046  0.099  0.000  0.119  0.001  0.002  0.000  0.001  0.000  0.269
   1.25616     -4.762103  0.045  0.094  0.000  0.123  0.002  0.002  0.000  0.001  0.000  0.269
   1.21764     -4.637744  0.045  0.089  0.000  0.127  0.002  0.002  0.001  0.001  0.000  0.267
   1.17911     -4.494730  0.043  0.083  0.001  0.128  0.004  0.002  0.001  0.001  0.001  0.265
   1.14059     -4.334389  0.040  0.079  0.002  0.128  0.005  0.002  0.002  0.001  0.001  0.261
   1.10207     -4.158230  0.037  0.076  0.002  0.126  0.007  0.002  0.002  0.001  0.001  0.254
   1.06355     -3.968101  0.034  0.073  0.003  0.123  0.009  0.002  0.002  0.001  0.001  0.247
   1.02503     -3.766466  0.030  0.070  0.005  0.117  0.010  0.002  0.003  0.001  0.001  0.239
   0.98651     -3.557005  0.025  0.066  0.008  0.108  0.013  0.002  0.004  0.000  0.001  0.228
   0.94799     -3.346185  0.018  0.061  0.015  0.096  0.014  0.002  0.005  0.000  0.001  0.215
   0.90947     -3.147891  0.010  0.053  0.034  0.077  0.014  0.002  0.008  0.000  0.001  0.199
   0.87095     -2.993197  0.002  0.035  0.079  0.047  0.009  0.001  0.012  0.001  0.001  0.188
   0.83243     -2.911740  0.000  0.014  0.128  0.022  0.003  0.000  0.016  0.003  0.001  0.188
   0.79391     -2.880392  0.003  0.004  0.150  0.011  0.001  0.000  0.017  0.004  0.001  0.192
   0.75539     -2.869052  0.005  0.001  0.158  0.008  0.000  0.000  0.017  0.004  0.001  0.194
   0.71687     -2.866160  0.005  0.000  0.160  0.007  0.000  0.000  0.017  0.004  0.001  0.195
   0.71687     -2.866160  0.005  0.000  0.160  0.007  0.000  0.000  0.017  0.004  0.001  0.195
   0.67914     -2.774054  0.004  0.000  0.148  0.010  0.000  0.000  0.018  0.004  0.002  0.186
   0.64141     -2.690824  0.002  0.000  0.134  0.018  0.000  0.000  0.018  0.004  0.002  0.178
   0.60368     -2.621878  0.000  0.000  0.118  0.026  0.000  0.000  0.020  0.004  0.002  0.170
   0.56595     -2.574064  0.002  0.000  0.096  0.042  0.000  0.000  0.022  0.002  0.002  0.164
   0.52822     -2.664274  0.000  0.126  0.000  0.000  0.028  0.004  0.000  0.000  0.000  0.158
   0.49049     -2.764883  0.000  0.138  0.000  0.000  0.024  0.004  0.000  0.000  0.000  0.166
   0.45276     -2.862762  0.000  0.148  0.000  0.000  0.022  0.004  0.000  0.000  0.000  0.174
   0.41503     -2.956521  0.000  0.158  0.000  0.000  0.018  0.004  0.000  0.000  0.000  0.182
   0.37730     -3.045011  0.000  0.168  0.000  0.000  0.016  0.004  0.000  0.000  0.000  0.188
   0.33957     -3.127289  0.000  0.176  0.000  0.000  0.014  0.004  0.000  0.000  0.000  0.192
   0.30184     -3.202582  0.000  0.182  0.000  0.000  0.012  0.004  0.000  0.000  0.000  0.198
   0.26411     -3.270263  0.000  0.188  0.000  0.000  0.008  0.004  0.000  0.000  0.000  0.202
   0.22638     -3.329817  0.000  0.194  0.000  0.000  0.008  0.004  0.000  0.000  0.000  0.204
   0.18865     -3.380834  0.000  0.198  0.000  0.000  0.006  0.004  0.000  0.000  0.000  0.206
   0.15092     -3.422987  0.000  0.200  0.000  0.000  0.004  0.004  0.000  0.000  0.000  0.210
   0.11319     -3.456021  0.000  0.204  0.000  0.000  0.004  0.004  0.000  0.000  0.000  0.210
   0.07546     -3.495816  0.008  0.000  0.002  0.196  0.000  0.000  0.000  0.004  0.002  0.212
   0.03773     -3.528888  0.004  0.000  0.000  0.198  0.000  0.000  0.000  0.004  0.002  0.208
   0.00000     -3.540140  0.002  0.000  0.000  0.198  0.000  0.000  0.000  0.004  0.002  0.208
 
# Band-Index    7
   0.00000     -3.498806  0.000  0.206  0.000  0.000  0.002  0.004  0.000  0.000  0.000  0.212
   0.03773     -3.494035  0.000  0.206  0.000  0.000  0.002  0.004  0.000  0.000  0.000  0.212
   0.07546     -3.479748  0.000  0.206  0.000  0.000  0.002  0.004  0.000  0.000  0.000  0.212
   0.11319     -3.442818  0.014  0.000  0.002  0.194  0.000  0.000  0.002  0.004  0.002  0.216
   0.15092     -3.372646  0.022  0.000  0.002  0.190  0.000  0.000  0.002  0.004  0.002  0.222
   0.18865     -3.288511  0.030  0.000  0.002  0.184  0.000  0.000  0.004  0.004  0.002  0.228
   0.22638     -3.193759  0.038  0.000  0.002  0.178  0.000  0.000  0.006  0.002  0.004  0.230
   0.26411     -3.091730  0.042  0.000  0.004  0.172  0.000  0.000  0.008  0.002  0.004  0.232
   0.30184     -2.985850  0.044  0.000  0.006  0.164  0.000  0.000  0.010  0.002  0.004  0.230
   0.33957     -2.879906  0.044  0.000  0.008  0.156  0.000  0.000  0.012  0.002  0.004  0.226
   0.37730     -2.778494  0.040  0.000  0.012  0.144  0.000  0.000  0.014  0.002  0.004  0.218
   0.41503     -2.687578  0.034  0.000  0.020  0.128  0.000  0.000  0.018  0.002  0.004  0.204
   0.45276     -2.614777  0.024  0.000  0.034  0.108  0.000  0.000  0.020  0.000  0.004  0.190
   0.49049     -2.568420  0.014  0.000  0.052  0.084  0.000  0.000  0.020  0.002  0.004  0.176
   0.52822     -2.554630  0.006  0.000  0.074  0.062  0.000  0.000  0.022  0.002  0.004  0.166
   0.56595     -2.562609  0.000  0.112  0.000  0.000  0.032  0.004  0.000  0.000  0.000  0.148
   0.60368     -2.461874  0.000  0.098  0.000  0.000  0.034  0.004  0.000  0.000  0.000  0.136
   0.64141     -2.364381  0.000  0.084  0.000  0.000  0.038  0.004  0.000  0.000  0.000  0.126
   0.67914     -2.272720  0.000  0.070  0.000  0.000  0.040  0.004  0.000  0.000  0.000  0.114
   0.71687     -2.189665  0.000  0.058  0.000  0.000  0.042  0.004  0.000  0.000  0.000  0.104
   0.71687     -2.189665  0.000  0.058  0.000  0.000  0.042  0.004  0.000  0.000  0.000  0.104
   0.75539     -2.236252  0.004  0.057  0.002  0.008  0.040  0.004  0.000  0.000  0.000  0.116
   0.79391     -2.357484  0.013  0.054  0.011  0.027  0.036  0.004  0.000  0.001  0.000  0.144
   0.83243     -2.511064  0.023  0.046  0.034  0.039  0.028  0.003  0.001  0.001  0.000  0.175
   0.87095     -2.642200  0.028  0.028  0.081  0.033  0.018  0.002  0.004  0.003  0.000  0.197
   0.90947     -2.713040  0.023  0.013  0.122  0.019  0.009  0.002  0.009  0.003  0.000  0.202
   0.94799     -2.745724  0.017  0.009  0.136  0.014  0.006  0.001  0.011  0.004  0.000  0.198
   0.98651     -2.768733  0.012  0.012  0.135  0.013  0.004  0.001  0.012  0.002  0.000  0.194
   1.02503     -2.797226  0.009  0.020  0.125  0.015  0.004  0.001  0.013  0.002  0.001  0.190
   1.06355     -2.842150  0.007  0.033  0.109  0.020  0.003  0.001  0.013  0.001  0.001  0.188
   1.10207     -2.912724  0.008  0.050  0.085  0.029  0.003  0.001  0.012  0.000  0.001  0.192
   1.14059     -3.012700  0.013  0.069  0.061  0.040  0.003  0.001  0.010  0.000  0.001  0.199
   1.17911     -3.136435  0.018  0.084  0.042  0.051  0.003  0.001  0.007  0.000  0.000  0.208
   1.21764     -3.271749  0.020  0.094  0.029  0.061  0.002  0.001  0.006  0.000  0.000  0.215
   1.25616     -3.405995  0.019  0.098  0.021  0.071  0.002  0.001  0.005  0.000  0.000  0.218
   1.29468     -3.528927  0.015  0.100  0.015  0.080  0.002  0.001  0.004  0.000  0.000  0.218
   1.33320     -3.632714  0.011  0.100  0.012  0.088  0.001  0.001  0.003  0.000  0.000  0.216
   1.37172     -3.711356  0.005  0.100  0.011  0.094  0.000  0.001  0.002  0.000  0.000  0.214
   1.41024     -3.760418  0.001  0.099  0.010  0.098  0.000  0.001  0.002  0.001  0.000  0.212
   1.44876     -3.777093  0.000  0.098  0.009  0.099  0.000  0.001  0.002  0.001  0.000  0.211
   1.44876     -3.777093  0.000  0.098  0.009  0.099  0.000  0.001  0.002  0.001  0.000  0.211
   1.50268     -3.769313  0.000  0.098  0.010  0.098  0.000  0.002  0.002  0.000  0.000  0.212
   1.55660     -3.746094  0.000  0.098  0.010  0.098  0.000  0.002  0.002  0.000  0.000  0.210
   1.61052     -3.707811  0.000  0.096  0.012  0.096  0.000  0.002  0.002  0.000  0.000  0.210
   1.66444     -3.655115  0.000  0.094  0.016  0.090  0.000  0.002  0.004  0.000  0.000  0.210
   1.71836     -3.588907  0.002  0.092  0.026  0.082  0.000  0.002  0.004  0.000  0.002  0.210
   1.77228     -3.509491  0.002  0.090  0.048  0.058  0.000  0.002  0.008  0.000  0.002  0.212
   1.82620     -3.408220  0.008  0.092  0.086  0.010  0.004  0.000  0.012  0.000  0.000  0.214
   1.88012     -3.289048  0.004  0.092  0.062  0.028  0.004  0.000  0.006  0.000  0.002  0.200
   1.93404     -3.178587  0.002  0.092  0.028  0.056  0.004  0.000  0.002  0.000  0.004  0.188
   1.98796     -3.064780  0.000  0.090  0.014  0.068  0.004  0.000  0.000  0.002  0.004  0.182
   2.04188     -2.947011  0.000  0.088  0.006  0.072  0.002  0.000  0.000  0.002  0.004  0.176
   2.09580     -2.828680  0.000  0.086  0.004  0.070  0.002  0.002  0.000  0.002  0.004  0.170
   2.14972     -2.713706  0.000  0.082  0.002  0.070  0.002  0.002  0.000  0.002  0.004  0.164
   2.20364     -2.616867  0.022  0.070  0.006  0.072  0.006  0.000  0.010  0.002  0.000  0.190
   2.25756     -2.887955  0.022  0.084  0.002  0.084  0.004  0.002  0.006  0.002  0.000  0.208
   2.31148     -3.137573  0.018  0.096  0.002  0.088  0.004  0.002  0.004  0.002  0.000  0.214
   2.36540     -3.337920  0.012  0.110  0.000  0.086  0.002  0.002  0.002  0.002  0.000  0.216
   2.41932     -3.465058  0.004  0.152  0.000  0.052  0.002  0.002  0.000  0.002  0.000  0.214
   2.47324     -3.498806  0.000  0.206  0.000  0.000  0.002  0.004  0.000  0.000  0.000  0.212
 
# Band-Index    8
   2.47324     -2.313046  0.000  0.138  0.000  0.000  0.004  0.002  0.000  0.000  0.000  0.144
   2.41932     -2.331881  0.000  0.078  0.002  0.056  0.002  0.002  0.000  0.002  0.000  0.140
   2.36540     -2.370151  0.000  0.076  0.002  0.060  0.002  0.002  0.000  0.002  0.002  0.142
   2.31148     -2.430518  0.000  0.076  0.002  0.062  0.002  0.002  0.000  0.002  0.002  0.146
   2.25756     -2.510437  0.000  0.078  0.002  0.064  0.002  0.002  0.000  0.002  0.002  0.152
   2.20364     -2.606213  0.000  0.080  0.002  0.066  0.002  0.002  0.000  0.002  0.004  0.158
   2.14972     -2.362694  0.014  0.052  0.014  0.056  0.008  0.000  0.014  0.002  0.000  0.160
   2.09580     -2.176263  0.004  0.030  0.032  0.034  0.010  0.000  0.018  0.000  0.000  0.128
   2.04188     -2.092769  0.000  0.014  0.056  0.016  0.008  0.000  0.020  0.000  0.000  0.116
   1.98796     -2.099177  0.002  0.006  0.078  0.008  0.008  0.000  0.020  0.000  0.000  0.122
   1.93404     -2.163767  0.002  0.004  0.092  0.006  0.006  0.000  0.018  0.000  0.000  0.134
   1.88012     -2.268179  0.004  0.010  0.096  0.010  0.006  0.000  0.018  0.000  0.000  0.144
   1.82620     -2.410172  0.004  0.020  0.088  0.020  0.008  0.000  0.016  0.000  0.000  0.156
   1.77228     -2.597506  0.010  0.036  0.070  0.036  0.008  0.000  0.014  0.000  0.000  0.172
   1.71836     -2.832752  0.018  0.056  0.046  0.056  0.006  0.000  0.010  0.000  0.000  0.194
   1.66444     -3.096723  0.024  0.072  0.028  0.072  0.004  0.000  0.006  0.000  0.000  0.212
   1.61052     -3.355379  0.024  0.084  0.018  0.084  0.004  0.002  0.004  0.000  0.000  0.220
   1.55660     -3.574675  0.014  0.092  0.012  0.092  0.002  0.002  0.004  0.000  0.000  0.218
   1.50268     -3.723774  0.004  0.096  0.010  0.098  0.000  0.002  0.002  0.000  0.000  0.214
   1.44876     -3.777093  0.000  0.098  0.009  0.099  0.000  0.001  0.002  0.001  0.000  0.211
   1.44876     -3.777093  0.000  0.098  0.009  0.099  0.000  0.001  0.002  0.001  0.000  0.211
   1.41024     -3.760418  0.001  0.099  0.010  0.098  0.000  0.001  0.002  0.001  0.000  0.212
   1.37172     -3.711356  0.005  0.100  0.011  0.094  0.000  0.001  0.002  0.000  0.000  0.214
   1.33320     -3.632713  0.011  0.100  0.012  0.088  0.001  0.001  0.003  0.000  0.000  0.216
   1.29468     -3.528927  0.015  0.100  0.015  0.080  0.002  0.001  0.004  0.000  0.000  0.218
   1.25616     -3.405995  0.019  0.098  0.021  0.071  0.002  0.001  0.005  0.000  0.000  0.218
   1.21764     -3.271749  0.020  0.094  0.029  0.061  0.002  0.001  0.006  0.000  0.000  0.215
   1.17911     -3.136435  0.018  0.084  0.042  0.051  0.003  0.001  0.007  0.000  0.000  0.208
   1.14059     -3.012700  0.013  0.069  0.061  0.040  0.003  0.001  0.010  0.000  0.001  0.199
   1.10207     -2.912723  0.008  0.050  0.085  0.029  0.003  0.001  0.012  0.000  0.001  0.192
   1.06355     -2.842150  0.007  0.033  0.109  0.020  0.003  0.001  0.013  0.001  0.001  0.188
   1.02503     -2.797225  0.009  0.020  0.125  0.015  0.004  0.001  0.013  0.002  0.001  0.190
   0.98651     -2.768733  0.012  0.012  0.135  0.013  0.004  0.001  0.012  0.002  0.000  0.194
   0.94799     -2.745724  0.017  0.009  0.136  0.014  0.006  0.001  0.011  0.004  0.000  0.198
   0.90947     -2.713040  0.023  0.013  0.122  0.019  0.009  0.002  0.009  0.003  0.000  0.202
   0.87095     -2.642200  0.028  0.028  0.081  0.033  0.018  0.002  0.004  0.003  0.000  0.197
   0.83243     -2.511064  0.023  0.046  0.034  0.039  0.028  0.003  0.001  0.001  0.000  0.175
   0.79391     -2.357484  0.013  0.054  0.011  0.027  0.036  0.004  0.000  0.001  0.000  0.144
   0.75539     -2.236251  0.004  0.057  0.002  0.008  0.040  0.004  0.000  0.000  0.000  0.116
   0.71687     -2.189665  0.000  0.058  0.000  0.000  0.042  0.004  0.000  0.000  0.000  0.104
   0.71687     -2.189665  0.000  0.058  0.000  0.000  0.042  0.004  0.000  0.000  0.000  0.104
   0.67914     -2.117962  0.000  0.046  0.000  0.000  0.044  0.004  0.000  0.000  0.000  0.094
   0.64141     -2.060024  0.000  0.038  0.000  0.000  0.044  0.004  0.000  0.000  0.000  0.086
   0.60368     -2.017576  0.000  0.034  0.000  0.000  0.044  0.004  0.000  0.000  0.000  0.082
   0.56595     -1.991347  0.000  0.034  0.000  0.000  0.042  0.004  0.000  0.000  0.000  0.080
   0.52822     -1.980914  0.000  0.038  0.000  0.000  0.038  0.004  0.000  0.000  0.000  0.080
   0.49049     -1.984796  0.000  0.044  0.000  0.000  0.036  0.004  0.000  0.000  0.000  0.084
   0.45276     -2.000726  0.000  0.054  0.000  0.000  0.032  0.002  0.000  0.000  0.000  0.090
   0.41503     -2.026018  0.000  0.064  0.000  0.000  0.028  0.002  0.000  0.000  0.000  0.096
   0.37730     -2.057890  0.000  0.076  0.000  0.000  0.024  0.002  0.000  0.000  0.000  0.102
   0.33957     -2.093714  0.000  0.086  0.000  0.000  0.020  0.002  0.000  0.000  0.000  0.110
   0.30184     -2.131149  0.000  0.096  0.000  0.000  0.018  0.002  0.000  0.000  0.000  0.116
   0.26411     -2.168194  0.000  0.106  0.000  0.000  0.014  0.002  0.000  0.000  0.000  0.124
   0.22638     -2.203193  0.000  0.114  0.000  0.000  0.012  0.002  0.000  0.000  0.000  0.128
   0.18865     -2.234807  0.000  0.122  0.000  0.000  0.010  0.002  0.000  0.000  0.000  0.134
   0.15092     -2.261978  0.000  0.128  0.000  0.000  0.008  0.002  0.000  0.000  0.000  0.136
   0.11319     -2.283895  0.000  0.132  0.000  0.000  0.006  0.002  0.000  0.000  0.000  0.140
   0.07546     -2.299958  0.000  0.134  0.000  0.000  0.004  0.002  0.000  0.000  0.000  0.142
   0.03773     -2.309754  0.000  0.136  0.000  0.000  0.004  0.002  0.000  0.000  0.000  0.144
   0.00000     -2.313046  0.000  0.138  0.000  0.000  0.004  0.002  0.000  0.000  0.000  0.144
 
# Band-Index    9
   0.00000     -2.306267  0.004  0.000  0.004  0.130  0.000  0.000  0.000  0.002  0.002  0.142
   0.03773     -2.288378  0.008  0.000  0.004  0.128  0.000  0.000  0.000  0.002  0.002  0.146
   0.07546     -2.236248  0.020  0.000  0.006  0.128  0.000  0.000  0.000  0.002  0.002  0.156
   0.11319     -2.153907  0.034  0.000  0.006  0.126  0.000  0.000  0.000  0.002  0.002  0.170
   0.15092     -2.046638  0.052  0.000  0.008  0.122  0.000  0.000  0.000  0.002  0.002  0.188
   0.18865     -1.919807  0.068  0.000  0.008  0.120  0.000  0.000  0.002  0.002  0.002  0.204
   0.22638     -1.778180  0.086  0.000  0.010  0.116  0.000  0.000  0.002  0.002  0.004  0.220
   0.26411     -1.625704  0.102  0.000  0.010  0.114  0.000  0.000  0.002  0.002  0.004  0.234
   0.30184     -1.465571  0.116  0.000  0.012  0.108  0.000  0.000  0.002  0.002  0.004  0.246
   0.33957     -1.313024  0.116  0.000  0.110  0.030  0.000  0.000  0.006  0.008  0.000  0.270
   0.37730     -1.355969  0.124  0.000  0.116  0.040  0.000  0.000  0.004  0.008  0.002  0.294
   0.41503     -1.390791  0.134  0.000  0.120  0.054  0.000  0.000  0.002  0.010  0.002  0.322
   0.45276     -1.409336  0.146  0.000  0.118  0.072  0.000  0.000  0.002  0.010  0.002  0.348
   0.49049     -1.402412  0.158  0.000  0.110  0.094  0.000  0.000  0.000  0.010  0.004  0.374
   0.52822     -1.362905  0.168  0.000  0.096  0.114  0.000  0.000  0.000  0.010  0.004  0.392
   0.56595     -1.289196  0.174  0.000  0.082  0.130  0.000  0.000  0.002  0.008  0.004  0.400
   0.60368     -1.185394  0.176  0.000  0.068  0.138  0.000  0.000  0.004  0.008  0.006  0.400
   0.64141     -1.058503  0.178  0.000  0.058  0.140  0.000  0.000  0.006  0.006  0.006  0.396
   0.67914     -0.916067  0.180  0.000  0.050  0.134  0.000  0.000  0.008  0.006  0.006  0.386
   0.71687     -0.766072  0.186  0.000  0.045  0.119  0.000  0.000  0.011  0.006  0.006  0.373
   0.71687     -0.766072  0.186  0.000  0.045  0.119  0.000  0.000  0.011  0.006  0.006  0.373
   0.75539     -0.751504  0.186  0.002  0.045  0.101  0.002  0.000  0.011  0.006  0.006  0.359
   0.79391     -0.735792  0.188  0.010  0.044  0.062  0.004  0.000  0.011  0.005  0.006  0.331
   0.83243     -0.772538  0.187  0.029  0.042  0.027  0.007  0.000  0.009  0.006  0.006  0.313
   0.87095     -0.885947  0.182  0.056  0.041  0.012  0.007  0.000  0.007  0.006  0.005  0.315
   0.90947     -1.058556  0.176  0.078  0.040  0.012  0.007  0.000  0.005  0.005  0.005  0.327
   0.94799     -1.261505  0.170  0.092  0.043  0.017  0.005  0.000  0.002  0.005  0.003  0.338
   0.98651     -1.472106  0.166  0.098  0.050  0.022  0.004  0.000  0.001  0.006  0.003  0.349
   1.02503     -1.673592  0.161  0.096  0.062  0.025  0.004  0.000  0.000  0.006  0.002  0.355
   1.06355     -1.851773  0.156  0.086  0.079  0.026  0.002  0.000  0.000  0.006  0.002  0.356
   1.10207     -1.994540  0.146  0.069  0.102  0.024  0.001  0.000  0.001  0.005  0.000  0.352
   1.14059     -2.095693  0.134  0.050  0.127  0.020  0.001  0.000  0.003  0.005  0.000  0.340
   1.17911     -2.158651  0.121  0.034  0.146  0.016  0.000  0.000  0.004  0.005  0.000  0.325
   1.21764     -2.193377  0.110  0.021  0.159  0.012  0.000  0.000  0.005  0.003  0.000  0.311
   1.25616     -2.210142  0.100  0.013  0.167  0.010  0.000  0.000  0.007  0.003  0.000  0.300
   1.29468     -2.216571  0.094  0.008  0.173  0.008  0.000  0.000  0.007  0.002  0.000  0.292
   1.33320     -2.217673  0.090  0.005  0.175  0.007  0.000  0.000  0.008  0.001  0.000  0.286
   1.37172     -2.216602  0.087  0.003  0.177  0.007  0.000  0.000  0.009  0.001  0.000  0.283
   1.41024     -2.215274  0.086  0.001  0.177  0.006  0.000  0.000  0.008  0.000  0.000  0.280
   1.44876     -2.214721  0.085  0.001  0.178  0.006  0.000  0.000  0.009  0.000  0.000  0.280
   1.44876     -2.214721  0.085  0.001  0.178  0.006  0.000  0.000  0.009  0.000  0.000  0.280
   1.50268     -2.228092  0.086  0.002  0.178  0.006  0.000  0.000  0.008  0.000  0.000  0.282
   1.55660     -2.266443  0.088  0.002  0.178  0.008  0.000  0.000  0.008  0.000  0.000  0.286
   1.61052     -2.324414  0.092  0.004  0.178  0.010  0.000  0.002  0.008  0.002  0.000  0.294
   1.66444     -2.392375  0.100  0.006  0.176  0.012  0.000  0.002  0.006  0.002  0.000  0.304
   1.71836     -2.453658  0.114  0.012  0.168  0.020  0.000  0.002  0.004  0.002  0.000  0.324
   1.77228     -2.476480  0.136  0.022  0.146  0.034  0.002  0.002  0.002  0.004  0.000  0.350
   1.82620     -2.403091  0.164  0.040  0.106  0.058  0.004  0.004  0.000  0.004  0.000  0.378
   1.88012     -2.184683  0.174  0.058  0.062  0.074  0.008  0.004  0.000  0.004  0.000  0.384
   1.93404     -1.858145  0.170  0.060  0.038  0.074  0.012  0.002  0.002  0.002  0.000  0.360
   1.98796     -1.505234  0.162  0.046  0.026  0.060  0.016  0.002  0.004  0.002  0.000  0.320
   2.04188     -1.211931  0.152  0.024  0.020  0.038  0.020  0.002  0.006  0.002  0.000  0.266
   2.09580     -1.075257  0.138  0.008  0.016  0.022  0.020  0.002  0.006  0.002  0.000  0.212
   2.14972     -1.142278  0.116  0.012  0.012  0.024  0.016  0.002  0.004  0.002  0.000  0.188
   2.20364     -1.351939  0.094  0.026  0.010  0.036  0.012  0.002  0.004  0.002  0.000  0.186
   2.25756     -1.616765  0.072  0.040  0.008  0.050  0.008  0.002  0.002  0.002  0.000  0.184
   2.31148     -1.878272  0.052  0.050  0.006  0.060  0.004  0.002  0.002  0.002  0.000  0.176
   2.36540     -2.098405  0.030  0.058  0.004  0.066  0.002  0.002  0.000  0.002  0.000  0.164
   2.41932     -2.247464  0.012  0.058  0.004  0.074  0.002  0.002  0.000  0.002  0.000  0.152
   2.47324     -2.306267  0.004  0.000  0.004  0.130  0.000  0.000  0.000  0.002  0.002  0.142
 
# Band-Index   10
   2.47324     -1.081628  0.096  0.000  0.054  0.002  0.000  0.000  0.014  0.002  0.000  0.166
   2.41932     -1.086246  0.096  0.000  0.056  0.002  0.000  0.000  0.014  0.002  0.000  0.168
   2.36540     -1.099513  0.096  0.002  0.060  0.002  0.000  0.000  0.014  0.002  0.000  0.176
   2.31148     -1.119247  0.100  0.004  0.068  0.004  0.000  0.002  0.012  0.002  0.000  0.190
   2.25756     -1.140259  0.104  0.006  0.078  0.008  0.000  0.002  0.010  0.002  0.000  0.210
   2.20364     -1.151397  0.112  0.012  0.088  0.012  0.000  0.002  0.008  0.004  0.000  0.238
   2.14972     -1.131002  0.126  0.018  0.094  0.020  0.002  0.004  0.004  0.004  0.000  0.272
   2.09580     -1.049742  0.142  0.024  0.092  0.028  0.006  0.004  0.002  0.004  0.000  0.300
   2.04188     -0.909936  0.154  0.020  0.082  0.026  0.010  0.004  0.000  0.004  0.000  0.302
   1.98796     -0.798411  0.166  0.008  0.072  0.016  0.014  0.004  0.000  0.004  0.000  0.282
   1.93404     -0.843308  0.170  0.010  0.064  0.020  0.016  0.002  0.000  0.004  0.000  0.284
   1.88012     -1.061390  0.164  0.028  0.062  0.036  0.012  0.002  0.000  0.002  0.000  0.308
   1.82620     -1.352854  0.156  0.038  0.076  0.046  0.008  0.002  0.000  0.002  0.000  0.328
   1.77228     -1.629790  0.142  0.036  0.100  0.042  0.004  0.002  0.002  0.002  0.000  0.330
   1.71836     -1.847330  0.126  0.026  0.128  0.032  0.002  0.002  0.004  0.002  0.000  0.320
   1.66444     -1.999709  0.110  0.014  0.150  0.020  0.000  0.000  0.006  0.002  0.000  0.304
   1.61052     -2.101388  0.098  0.008  0.164  0.012  0.000  0.000  0.008  0.000  0.000  0.292
   1.55660     -2.166406  0.090  0.004  0.172  0.008  0.000  0.000  0.008  0.000  0.000  0.286
   1.50268     -2.202914  0.086  0.002  0.176  0.006  0.000  0.000  0.008  0.000  0.000  0.282
   1.44876     -2.214721  0.085  0.001  0.178  0.006  0.000  0.000  0.009  0.000  0.000  0.280
   1.44876     -2.214721  0.085  0.001  0.178  0.006  0.000  0.000  0.009  0.000  0.000  0.280
   1.41024     -2.215274  0.086  0.001  0.177  0.006  0.000  0.000  0.008  0.000  0.000  0.280
   1.37172     -2.216602  0.087  0.003  0.177  0.007  0.000  0.000  0.009  0.001  0.000  0.283
   1.33320     -2.217673  0.090  0.005  0.175  0.007  0.000  0.000  0.008  0.001  0.000  0.286
   1.29468     -2.216570  0.094  0.008  0.173  0.008  0.000  0.000  0.007  0.002  0.000  0.292
   1.25616     -2.210142  0.100  0.013  0.167  0.010  0.000  0.000  0.007  0.003  0.000  0.300
   1.21764     -2.193377  0.110  0.021  0.159  0.012  0.000  0.000  0.005  0.003  0.000  0.311
   1.17911     -2.158651  0.121  0.034  0.146  0.016  0.000  0.000  0.004  0.005  0.000  0.325
   1.14059     -2.095693  0.134  0.050  0.127  0.020  0.001  0.000  0.003  0.005  0.000  0.340
   1.10207     -1.994540  0.146  0.069  0.102  0.024  0.001  0.000  0.001  0.005  0.000  0.352
   1.06355     -1.851773  0.156  0.086  0.079  0.026  0.002  0.000  0.000  0.006  0.002  0.356
   1.02503     -1.673592  0.161  0.096  0.062  0.025  0.004  0.000  0.000  0.006  0.002  0.355
   0.98651     -1.472106  0.166  0.098  0.050  0.022  0.004  0.000  0.001  0.006  0.003  0.349
   0.94799     -1.261505  0.170  0.092  0.043  0.017  0.005  0.000  0.002  0.005  0.003  0.338
   0.90947     -1.058555  0.176  0.078  0.040  0.012  0.007  0.000  0.005  0.005  0.005  0.327
   0.87095     -0.885947  0.182  0.056  0.041  0.012  0.007  0.000  0.007  0.006  0.005  0.315
   0.83243     -0.772538  0.187  0.029  0.042  0.027  0.007  0.000  0.009  0.006  0.006  0.313
   0.79391     -0.735792  0.188  0.010  0.044  0.062  0.004  0.000  0.011  0.005  0.006  0.331
   0.75539     -0.751504  0.186  0.002  0.045  0.101  0.002  0.000  0.011  0.006  0.006  0.359
   0.71687     -0.766072  0.186  0.000  0.045  0.119  0.000  0.000  0.011  0.006  0.006  0.373
   0.71687     -0.766072  0.186  0.000  0.045  0.119  0.000  0.000  0.011  0.006  0.006  0.373
   0.67914     -0.619064  0.194  0.000  0.042  0.092  0.000  0.000  0.014  0.006  0.006  0.354
   0.64141     -0.492972  0.208  0.000  0.038  0.052  0.000  0.000  0.016  0.006  0.008  0.328
   0.60368     -0.418687  0.220  0.000  0.034  0.014  0.000  0.000  0.016  0.004  0.008  0.296
   0.56595     -0.427341  0.216  0.000  0.028  0.004  0.000  0.000  0.014  0.004  0.008  0.276
   0.52822     -0.513666  0.200  0.000  0.022  0.026  0.000  0.000  0.012  0.004  0.008  0.272
   0.49049     -0.646063  0.182  0.000  0.018  0.052  0.000  0.000  0.010  0.004  0.008  0.272
   0.45276     -0.800551  0.166  0.000  0.016  0.072  0.000  0.000  0.008  0.004  0.006  0.272
   0.41503     -0.964813  0.152  0.000  0.014  0.086  0.000  0.000  0.006  0.004  0.006  0.270
   0.37730     -1.132634  0.140  0.000  0.014  0.096  0.000  0.000  0.004  0.002  0.006  0.264
   0.33957     -1.300418  0.128  0.000  0.012  0.104  0.000  0.000  0.004  0.002  0.006  0.256
   0.30184     -1.267994  0.110  0.000  0.102  0.022  0.000  0.000  0.008  0.006  0.000  0.248
   0.26411     -1.224915  0.106  0.000  0.092  0.016  0.000  0.000  0.010  0.006  0.000  0.230
   0.22638     -1.186267  0.102  0.000  0.084  0.012  0.000  0.000  0.010  0.004  0.000  0.212
   0.18865     -1.153397  0.100  0.000  0.076  0.008  0.000  0.000  0.012  0.004  0.000  0.198
   0.15092     -1.126853  0.098  0.000  0.068  0.006  0.000  0.000  0.012  0.002  0.000  0.186
   0.11319     -1.106672  0.096  0.000  0.062  0.004  0.000  0.000  0.014  0.002  0.000  0.178
   0.07546     -1.092613  0.096  0.000  0.058  0.002  0.000  0.000  0.014  0.002  0.000  0.172
   0.03773     -1.084350  0.096  0.000  0.056  0.002  0.000  0.000  0.014  0.002  0.000  0.168
   0.00000     -1.081628  0.096  0.000  0.054  0.002  0.000  0.000  0.014  0.002  0.000  0.166
 
# Band-Index   11
   0.00000      1.062377  0.012  0.000  0.412  0.002  0.000  0.000  0.006  0.000  0.000  0.430
   0.03773      1.064060  0.012  0.000  0.410  0.002  0.000  0.000  0.006  0.000  0.000  0.430
   0.07546      1.069283  0.014  0.000  0.408  0.002  0.000  0.000  0.006  0.000  0.000  0.428
   0.11319      1.078552  0.014  0.000  0.404  0.002  0.000  0.000  0.006  0.000  0.000  0.426
   0.15092      1.092653  0.016  0.000  0.398  0.002  0.000  0.000  0.006  0.000  0.000  0.422
   0.18865      1.112574  0.018  0.000  0.390  0.002  0.000  0.000  0.006  0.000  0.000  0.416
   0.22638      1.139388  0.020  0.000  0.382  0.002  0.000  0.000  0.006  0.000  0.000  0.410
   0.26411      1.174156  0.022  0.000  0.372  0.002  0.000  0.000  0.008  0.000  0.000  0.404
   0.30184      1.217808  0.026  0.000  0.360  0.004  0.000  0.000  0.008  0.000  0.000  0.396
   0.33957      1.271072  0.028  0.000  0.348  0.004  0.000  0.000  0.008  0.000  0.000  0.390
   0.37730      1.334417  0.032  0.000  0.338  0.004  0.000  0.000  0.008  0.000  0.000  0.382
   0.41503      1.279564  0.030  0.000  0.022  0.402  0.000  0.000  0.014  0.000  0.000  0.468
   0.45276      1.052969  0.028  0.000  0.020  0.412  0.000  0.000  0.012  0.000  0.000  0.472
   0.49049      0.845196  0.022  0.000  0.018  0.428  0.000  0.000  0.010  0.000  0.000  0.478
   0.52822      0.669446  0.012  0.000  0.014  0.450  0.000  0.000  0.006  0.000  0.000  0.484
   0.56595      0.550568  0.002  0.000  0.010  0.470  0.000  0.000  0.004  0.000  0.000  0.486
   0.60368      0.521033  0.004  0.000  0.006  0.458  0.000  0.000  0.000  0.000  0.000  0.470
   0.64141      0.587024  0.022  0.000  0.004  0.416  0.000  0.000  0.000  0.000  0.002  0.446
   0.67914      0.718448  0.040  0.000  0.004  0.376  0.000  0.000  0.002  0.000  0.002  0.424
   0.71687      0.885684  0.054  0.000  0.004  0.346  0.000  0.000  0.002  0.001  0.002  0.409
   0.71687      0.885684  0.054  0.000  0.004  0.346  0.000  0.000  0.002  0.001  0.002  0.409
   0.75539      0.843364  0.043  0.048  0.002  0.337  0.000  0.000  0.002  0.001  0.002  0.435
   0.79391      0.784545  0.025  0.109  0.001  0.331  0.001  0.000  0.000  0.000  0.001  0.469
   0.83243      0.798464  0.011  0.135  0.004  0.328  0.002  0.000  0.000  0.000  0.000  0.482
   0.87095      0.912845  0.006  0.134  0.010  0.312  0.005  0.000  0.001  0.000  0.000  0.470
   0.90947      1.105375  0.004  0.126  0.021  0.284  0.009  0.000  0.004  0.000  0.000  0.448
   0.94799      1.341293  0.005  0.116  0.035  0.250  0.010  0.000  0.006  0.000  0.000  0.423
   0.98651      1.591276  0.004  0.106  0.060  0.209  0.010  0.000  0.009  0.000  0.000  0.398
   1.02503      1.831057  0.003  0.092  0.097  0.160  0.009  0.000  0.012  0.000  0.000  0.376
   1.06355      2.040960  0.003  0.075  0.149  0.109  0.008  0.000  0.015  0.000  0.000  0.358
   1.10207      2.211599  0.005  0.055  0.203  0.065  0.004  0.001  0.017  0.000  0.000  0.351
   1.14059      2.346791  0.008  0.038  0.248  0.037  0.003  0.002  0.018  0.000  0.000  0.352
   1.17911      2.456105  0.009  0.026  0.282  0.020  0.001  0.003  0.018  0.000  0.000  0.360
   1.21764      2.547222  0.011  0.017  0.308  0.010  0.001  0.003  0.018  0.002  0.000  0.370
   1.25616      2.624197  0.012  0.011  0.329  0.006  0.000  0.004  0.017  0.002  0.000  0.382
   1.29468      2.688410  0.013  0.007  0.346  0.003  0.000  0.005  0.017  0.003  0.000  0.394
   1.33320      2.739720  0.014  0.004  0.359  0.001  0.000  0.006  0.016  0.004  0.000  0.405
   1.37172      2.777323  0.015  0.002  0.369  0.001  0.000  0.006  0.016  0.005  0.000  0.413
   1.41024      2.800319  0.015  0.001  0.375  0.000  0.000  0.006  0.015  0.006  0.000  0.418
   1.44876      2.808062  0.015  0.000  0.377  0.000  0.000  0.007  0.015  0.006  0.000  0.420
   1.44876      2.808062  0.015  0.000  0.377  0.000  0.000  0.007  0.015  0.006  0.000  0.420
   1.50268      2.774200  0.014  0.002  0.374  0.002  0.000  0.006  0.016  0.006  0.000  0.416
   1.55660      2.675716  0.012  0.004  0.360  0.004  0.000  0.004  0.016  0.004  0.000  0.406
   1.61052      2.520860  0.010  0.012  0.338  0.010  0.000  0.004  0.016  0.004  0.000  0.392
   1.66444      2.319607  0.006  0.024  0.308  0.020  0.002  0.002  0.016  0.002  0.000  0.380
   1.71836      2.079465  0.004  0.044  0.268  0.038  0.002  0.002  0.016  0.002  0.000  0.376
   1.77228      1.805093  0.002  0.076  0.216  0.068  0.004  0.000  0.016  0.002  0.000  0.384
   1.82620      1.507784  0.002  0.120  0.160  0.110  0.004  0.000  0.012  0.000  0.000  0.410
   1.88012      1.226806  0.002  0.166  0.112  0.156  0.002  0.000  0.008  0.000  0.000  0.450
   1.93404      1.049538  0.006  0.204  0.078  0.194  0.002  0.000  0.006  0.000  0.000  0.488
   1.98796      1.078518  0.020  0.196  0.072  0.190  0.002  0.000  0.002  0.000  0.000  0.484
   2.04188      1.256663  0.042  0.100  0.162  0.102  0.004  0.000  0.004  0.000  0.000  0.414
   2.09580      1.281741  0.006  0.276  0.002  0.270  0.002  0.000  0.002  0.000  0.000  0.560
   2.14972      1.243759  0.028  0.000  0.354  0.004  0.000  0.000  0.006  0.000  0.000  0.396
   2.20364      1.180851  0.024  0.000  0.374  0.002  0.000  0.000  0.006  0.000  0.000  0.406
   2.25756      1.131697  0.020  0.000  0.388  0.002  0.000  0.000  0.006  0.000  0.000  0.414
   2.31148      1.097732  0.016  0.000  0.398  0.002  0.000  0.000  0.006  0.000  0.000  0.422
   2.36540      1.076742  0.014  0.000  0.406  0.002  0.000  0.000  0.006  0.000  0.000  0.426
   2.41932      1.065746  0.012  0.000  0.410  0.002  0.000  0.000  0.006  0.000  0.000  0.430
   2.47324      1.062377  0.012  0.000  0.412  0.002  0.000  0.000  0.006  0.000  0.000  0.430
 
# Band-Index   12
   2.47324      2.880825  0.000  0.000  0.000  0.106  0.000  0.000  0.000  0.000  0.140  0.248
   2.41932      2.901797  0.002  0.000  0.000  0.110  0.000  0.000  0.000  0.000  0.136  0.248
   2.36540      2.959442  0.002  0.002  0.000  0.122  0.000  0.000  0.000  0.000  0.128  0.254
   2.31148      2.730558  0.010  0.208  0.016  0.286  0.008  0.000  0.010  0.000  0.002  0.542
   2.25756      2.272984  0.016  0.238  0.012  0.270  0.008  0.000  0.010  0.000  0.000  0.554
   2.20364      1.826292  0.016  0.258  0.008  0.268  0.008  0.000  0.006  0.000  0.000  0.566
   2.14972      1.463990  0.012  0.274  0.006  0.274  0.004  0.000  0.004  0.000  0.000  0.574
   2.09580      1.302745  0.038  0.010  0.310  0.014  0.002  0.000  0.006  0.000  0.000  0.382
   2.04188      1.346486  0.006  0.258  0.000  0.246  0.002  0.000  0.000  0.000  0.000  0.514
   1.98796      1.617888  0.010  0.232  0.000  0.218  0.004  0.000  0.000  0.000  0.000  0.466
   1.93404      1.935758  0.028  0.082  0.268  0.084  0.002  0.002  0.006  0.000  0.000  0.470
   1.88012      2.163898  0.034  0.096  0.238  0.098  0.004  0.002  0.004  0.002  0.000  0.478
   1.82620      2.449286  0.038  0.124  0.194  0.122  0.006  0.004  0.002  0.002  0.000  0.490
   1.77228      2.790815  0.038  0.154  0.140  0.150  0.010  0.004  0.002  0.002  0.000  0.496
   1.71836      2.920898  0.020  0.002  0.318  0.000  0.000  0.004  0.018  0.002  0.000  0.366
   1.66444      2.871366  0.018  0.002  0.334  0.000  0.000  0.004  0.018  0.004  0.000  0.378
   1.61052      2.838117  0.016  0.000  0.348  0.000  0.000  0.006  0.016  0.004  0.000  0.392
   1.55660      2.819054  0.016  0.000  0.362  0.000  0.000  0.006  0.016  0.004  0.000  0.406
   1.50268      2.810368  0.014  0.000  0.374  0.000  0.000  0.006  0.016  0.006  0.000  0.416
   1.44876      2.808062  0.015  0.000  0.377  0.000  0.000  0.007  0.015  0.006  0.000  0.420
   1.44876      2.808062  0.015  0.000  0.377  0.000  0.000  0.007  0.015  0.006  0.000  0.420
   1.41024      2.800319  0.015  0.001  0.375  0.000  0.000  0.006  0.015  0.006  0.000  0.418
   1.37172      2.777323  0.015  0.002  0.369  0.001  0.000  0.006  0.016  0.005  0.000  0.413
   1.33320      2.739720  0.014  0.004  0.359  0.001  0.000  0.006  0.016  0.004  0.000  0.405
   1.29468      2.688410  0.013  0.007  0.346  0.003  0.000  0.005  0.017  0.003  0.000  0.394
   1.25616      2.624197  0.012  0.011  0.329  0.006  0.000  0.004  0.017  0.002  0.000  0.382
   1.21764      2.547222  0.011  0.017  0.308  0.010  0.001  0.003  0.018  0.002  0.000  0.370
   1.17911      2.456106  0.009  0.026  0.282  0.020  0.001  0.003  0.018  0.000  0.000  0.360
   1.14059      2.346792  0.008  0.038  0.248  0.037  0.003  0.002  0.018  0.000  0.000  0.352
   1.10207      2.211600  0.005  0.055  0.203  0.065  0.004  0.001  0.017  0.000  0.000  0.351
   1.06355      2.040960  0.003  0.075  0.149  0.109  0.008  0.000  0.015  0.000  0.000  0.358
   1.02503      1.831057  0.003  0.092  0.097  0.160  0.009  0.000  0.012  0.000  0.000  0.376
   0.98651      1.591277  0.004  0.106  0.060  0.209  0.010  0.000  0.009  0.000  0.000  0.398
   0.94799      1.341293  0.005  0.116  0.035  0.250  0.010  0.000  0.006  0.000  0.000  0.423
   0.90947      1.105375  0.004  0.126  0.021  0.284  0.009  0.000  0.004  0.000  0.000  0.448
   0.87095      0.912845  0.006  0.134  0.010  0.312  0.005  0.000  0.001  0.000  0.000  0.470
   0.83243      0.798464  0.011  0.135  0.004  0.328  0.002  0.000  0.000  0.000  0.000  0.482
   0.79391      0.784545  0.025  0.109  0.001  0.331  0.001  0.000  0.000  0.000  0.001  0.469
   0.75539      0.843365  0.043  0.048  0.002  0.337  0.000  0.000  0.002  0.001  0.002  0.435
   0.71687      0.885685  0.054  0.000  0.004  0.346  0.000  0.000  0.002  0.001  0.002  0.409
   0.71687      0.885685  0.054  0.000  0.004  0.346  0.000  0.000  0.002  0.001  0.002  0.409
   0.67914      1.072477  0.062  0.000  0.004  0.328  0.000  0.000  0.004  0.002  0.002  0.400
   0.64141      1.270545  0.068  0.000  0.002  0.314  0.000  0.000  0.004  0.002  0.002  0.392
   0.60368      1.474638  0.072  0.000  0.002  0.304  0.000  0.000  0.004  0.002  0.002  0.384
   0.56595      1.572799  0.000  0.617  0.000  0.000  0.004  0.002  0.000  0.000  0.000  0.623
   0.52822      1.641435  0.000  0.615  0.000  0.000  0.007  0.002  0.000  0.000  0.000  0.623
   0.49049      1.585062  0.044  0.000  0.300  0.006  0.000  0.000  0.008  0.000  0.000  0.358
   0.45276      1.491801  0.038  0.000  0.312  0.006  0.000  0.000  0.008  0.000  0.000  0.366
   0.41503      1.408035  0.034  0.000  0.326  0.006  0.000  0.000  0.008  0.000  0.000  0.374
   0.37730      1.517837  0.030  0.000  0.022  0.398  0.000  0.000  0.014  0.000  0.002  0.466
   0.33957      1.763196  0.028  0.000  0.024  0.396  0.000  0.000  0.016  0.000  0.002  0.466
   0.30184      2.011939  0.024  0.000  0.024  0.400  0.000  0.000  0.016  0.000  0.002  0.468
   0.26411      2.260381  0.022  0.000  0.026  0.404  0.000  0.000  0.016  0.000  0.004  0.470
   0.22638      2.504231  0.016  0.000  0.026  0.410  0.000  0.000  0.016  0.000  0.006  0.474
   0.18865      2.737953  0.012  0.000  0.026  0.416  0.000  0.000  0.016  0.000  0.008  0.478
   0.15092      2.953735  0.008  0.000  0.026  0.418  0.000  0.000  0.016  0.000  0.010  0.476
   0.11319      2.949947  0.002  0.000  0.000  0.126  0.000  0.000  0.000  0.000  0.126  0.254
   0.07546      2.913731  0.002  0.000  0.000  0.114  0.000  0.000  0.000  0.000  0.134  0.250
   0.03773      2.889365  0.000  0.000  0.000  0.108  0.000  0.000  0.000  0.000  0.138  0.248
   0.00000      2.880825  0.000  0.000  0.000  0.106  0.000  0.000  0.000  0.000  0.140  0.248
 
# Band-Index   13
   0.00000      3.334527  0.018  0.000  0.012  0.072  0.000  0.000  0.020  0.000  0.002  0.124
   0.03773      3.325071  0.016  0.000  0.016  0.120  0.000  0.000  0.018  0.000  0.004  0.174
   0.07546      3.270915  0.008  0.000  0.020  0.290  0.000  0.000  0.016  0.000  0.010  0.345
   0.11319      3.139165  0.006  0.000  0.024  0.396  0.000  0.000  0.016  0.000  0.012  0.454
   0.15092      2.990713  0.004  0.000  0.000  0.142  0.000  0.000  0.000  0.000  0.114  0.262
   0.18865      3.024779  0.006  0.000  0.002  0.166  0.000  0.000  0.000  0.000  0.100  0.274
   0.22638      2.991003  0.000  0.570  0.000  0.000  0.022  0.000  0.000  0.000  0.000  0.593
   0.26411      2.784637  0.000  0.570  0.000  0.000  0.022  0.000  0.000  0.000  0.000  0.594
   0.30184      2.579050  0.000  0.574  0.000  0.000  0.022  0.002  0.000  0.000  0.000  0.598
   0.33957      2.379860  0.000  0.579  0.000  0.000  0.022  0.002  0.000  0.000  0.000  0.601
   0.37730      2.192013  0.000  0.586  0.000  0.000  0.020  0.002  0.000  0.000  0.000  0.606
   0.41503      2.020089  0.000  0.594  0.000  0.000  0.016  0.002  0.000  0.000  0.000  0.612
   0.45276      1.868391  0.000  0.601  0.000  0.000  0.014  0.002  0.000  0.000  0.000  0.617
   0.49049      1.740957  0.000  0.610  0.000  0.000  0.010  0.002  0.000  0.000  0.000  0.620
   0.52822      1.684264  0.058  0.000  0.270  0.008  0.000  0.000  0.006  0.002  0.000  0.344
   0.56595      1.674186  0.090  0.000  0.008  0.255  0.000  0.000  0.002  0.002  0.002  0.358
   0.60368      1.537056  0.000  0.616  0.000  0.000  0.004  0.002  0.000  0.000  0.000  0.620
   0.64141      1.534986  0.000  0.612  0.000  0.000  0.002  0.000  0.000  0.000  0.000  0.616
   0.67914      1.566100  0.000  0.604  0.000  0.000  0.004  0.000  0.000  0.000  0.000  0.608
   0.71687      1.628776  0.000  0.592  0.000  0.000  0.004  0.001  0.000  0.000  0.000  0.598
   0.71687      1.628776  0.000  0.592  0.000  0.000  0.004  0.000  0.000  0.000  0.000  0.598
   0.75539      1.714150  0.005  0.538  0.005  0.019  0.004  0.000  0.002  0.000  0.000  0.573
   0.79391      1.910753  0.009  0.446  0.018  0.047  0.005  0.000  0.005  0.000  0.000  0.532
   0.83243      2.134360  0.005  0.322  0.068  0.069  0.005  0.000  0.011  0.000  0.000  0.481
   0.87095      2.304715  0.005  0.127  0.180  0.083  0.004  0.000  0.015  0.000  0.000  0.414
   0.90947      2.406084  0.015  0.032  0.237  0.086  0.003  0.001  0.015  0.000  0.000  0.389
   0.94799      2.494621  0.021  0.007  0.247  0.099  0.004  0.001  0.012  0.001  0.000  0.393
   0.98651      2.597349  0.025  0.004  0.236  0.122  0.005  0.002  0.010  0.001  0.000  0.405
   1.02503      2.728226  0.028  0.013  0.207  0.157  0.008  0.002  0.008  0.001  0.001  0.423
   1.06355      2.896980  0.028  0.030  0.165  0.196  0.010  0.002  0.004  0.001  0.001  0.438
   1.10207      3.103439  0.027  0.053  0.119  0.229  0.013  0.003  0.002  0.000  0.000  0.447
   1.14059      3.333748  0.024  0.078  0.083  0.244  0.014  0.003  0.002  0.000  0.000  0.449
   1.17911      3.567224  0.021  0.101  0.056  0.245  0.012  0.002  0.002  0.001  0.000  0.441
   1.21764      3.784147  0.017  0.123  0.037  0.230  0.011  0.004  0.001  0.002  0.000  0.426
   1.25616      3.968913  0.012  0.139  0.022  0.205  0.008  0.007  0.002  0.005  0.000  0.398
   1.29468      4.111247  0.008  0.144  0.009  0.169  0.005  0.012  0.003  0.011  0.000  0.359
   1.33320      4.207185  0.003  0.121  0.002  0.117  0.002  0.025  0.003  0.026  0.000  0.299
   1.37172      4.257246  0.001  0.066  0.005  0.054  0.001  0.048  0.003  0.050  0.000  0.226
   1.41024      4.272697  0.000  0.018  0.015  0.012  0.000  0.066  0.004  0.067  0.000  0.183
   1.44876      4.274885  0.001  0.002  0.019  0.000  0.000  0.071  0.004  0.073  0.000  0.171
   1.44876      4.274889  0.001  0.003  0.019  0.000  0.000  0.071  0.004  0.073  0.000  0.171
   1.50268      4.244221  0.000  0.041  0.006  0.034  0.000  0.058  0.004  0.058  0.000  0.203
   1.55660      4.125609  0.004  0.132  0.004  0.113  0.004  0.028  0.002  0.024  0.000  0.311
   1.61052      3.886261  0.014  0.180  0.028  0.161  0.010  0.010  0.002  0.006  0.000  0.411
   1.66444      3.551906  0.024  0.186  0.058  0.172  0.012  0.006  0.002  0.002  0.000  0.463
   1.71836      3.170727  0.032  0.176  0.094  0.168  0.012  0.004  0.000  0.002  0.000  0.488
   1.77228      2.986218  0.022  0.004  0.304  0.000  0.000  0.002  0.018  0.002  0.000  0.352
   1.82620      2.947811  0.016  0.178  0.020  0.140  0.014  0.000  0.004  0.000  0.000  0.372
   1.88012      2.468269  0.014  0.198  0.000  0.174  0.012  0.000  0.002  0.000  0.000  0.404
   1.93404      2.011311  0.014  0.212  0.000  0.194  0.008  0.000  0.002  0.000  0.000  0.430
   1.98796      1.768012  0.018  0.090  0.272  0.092  0.000  0.002  0.006  0.000  0.000  0.480
   2.04188      1.718936  0.006  0.164  0.188  0.166  0.002  0.000  0.006  0.000  0.000  0.534
   2.09580      1.967890  0.014  0.230  0.048  0.240  0.008  0.000  0.004  0.000  0.000  0.546
   2.14972      2.398223  0.020  0.212  0.016  0.246  0.010  0.000  0.004  0.000  0.004  0.514
   2.20364      2.819742  0.020  0.156  0.008  0.249  0.008  0.000  0.004  0.000  0.020  0.464
   2.25756      3.044192  0.010  0.052  0.002  0.208  0.002  0.000  0.002  0.000  0.068  0.346
   2.31148      3.032051  0.004  0.010  0.000  0.148  0.000  0.000  0.000  0.000  0.108  0.274
   2.36540      3.125928  0.006  0.134  0.018  0.322  0.004  0.000  0.012  0.000  0.008  0.504
   2.41932      3.319184  0.014  0.008  0.016  0.156  0.000  0.000  0.018  0.000  0.006  0.219
   2.47324      3.334534  0.018  0.000  0.012  0.072  0.000  0.000  0.020  0.000  0.002  0.124
 
# Band-Index   14
   2.47324      3.512513  0.000  0.000  0.000  0.452  0.000  0.000  0.004  0.000  0.020  0.478
   2.41932      3.461524  0.004  0.034  0.000  0.328  0.000  0.000  0.008  0.000  0.014  0.388
   2.36540      3.412941  0.018  0.040  0.006  0.040  0.000  0.000  0.018  0.000  0.002  0.124
   2.31148      3.434697  0.020  0.040  0.014  0.024  0.000  0.000  0.018  0.000  0.002  0.119
   2.25756      3.467182  0.020  0.064  0.024  0.046  0.000  0.000  0.018  0.000  0.002  0.174
   2.20364      3.503789  0.024  0.052  0.044  0.036  0.000  0.000  0.020  0.000  0.002  0.178
   2.14972      3.512836  0.021  0.094  0.067  0.084  0.000  0.000  0.016  0.000  0.002  0.285
   2.09580      3.510879  0.026  0.050  0.131  0.044  0.000  0.000  0.020  0.000  0.001  0.273
   2.04188      3.461960  0.028  0.024  0.192  0.022  0.000  0.000  0.024  0.000  0.000  0.292
   1.98796      3.374583  0.026  0.010  0.238  0.010  0.000  0.000  0.024  0.000  0.000  0.310
   1.93404      3.271730  0.026  0.006  0.264  0.006  0.000  0.000  0.022  0.000  0.000  0.324
   1.88012      3.169131  0.024  0.004  0.280  0.006  0.000  0.000  0.022  0.000  0.000  0.338
   1.82620      3.082838  0.020  0.018  0.274  0.024  0.002  0.002  0.022  0.000  0.000  0.358
   1.77228      3.458350  0.012  0.196  0.004  0.142  0.016  0.000  0.006  0.000  0.000  0.374
   1.71836      3.932429  0.008  0.228  0.002  0.097  0.014  0.000  0.006  0.000  0.000  0.358
   1.66444      4.337346  0.002  0.082  0.005  0.031  0.002  0.049  0.002  0.052  0.000  0.225
   1.61052      4.340092  0.003  0.081  0.012  0.052  0.002  0.045  0.002  0.049  0.000  0.245
   1.55660      4.363935  0.002  0.124  0.013  0.081  0.001  0.027  0.003  0.033  0.000  0.283
   1.50268      4.309963  0.002  0.008  0.022  0.002  0.000  0.068  0.004  0.072  0.000  0.178
   1.44876      4.274943  0.001  0.002  0.019  0.000  0.000  0.072  0.004  0.074  0.000  0.171
   1.44876      4.274931  0.001  0.002  0.019  0.000  0.000  0.072  0.004  0.073  0.000  0.172
   1.41024      4.273186  0.000  0.015  0.015  0.009  0.000  0.067  0.004  0.069  0.000  0.180
   1.37172      4.264396  0.000  0.039  0.009  0.031  0.000  0.058  0.004  0.059  0.000  0.201
   1.33320      4.207420  0.003  0.119  0.002  0.116  0.002  0.025  0.003  0.027  0.000  0.297
   1.29468      4.112851  0.007  0.140  0.008  0.161  0.004  0.014  0.003  0.014  0.000  0.351
   1.25616      3.969056  0.012  0.139  0.022  0.204  0.008  0.007  0.002  0.005  0.000  0.398
   1.21764      3.784161  0.017  0.123  0.037  0.230  0.011  0.004  0.001  0.002  0.000  0.426
   1.17911      3.567228  0.021  0.101  0.056  0.244  0.012  0.002  0.001  0.001  0.000  0.441
   1.14059      3.333750  0.024  0.079  0.083  0.244  0.014  0.003  0.002  0.000  0.000  0.449
   1.10207      3.103440  0.027  0.054  0.119  0.229  0.013  0.003  0.002  0.000  0.000  0.447
   1.06355      2.896981  0.028  0.030  0.165  0.196  0.010  0.002  0.004  0.001  0.001  0.438
   1.02503      2.728226  0.028  0.013  0.207  0.157  0.008  0.002  0.008  0.001  0.001  0.423
   0.98651      2.597361  0.025  0.004  0.236  0.122  0.005  0.002  0.010  0.001  0.000  0.406
   0.94799      2.494623  0.021  0.007  0.247  0.099  0.004  0.001  0.012  0.001  0.000  0.392
   0.90947      2.406089  0.015  0.032  0.237  0.086  0.003  0.001  0.015  0.000  0.000  0.389
   0.87095      2.304917  0.005  0.125  0.181  0.082  0.004  0.000  0.015  0.000  0.000  0.415
   0.83243      2.134420  0.005  0.321  0.069  0.069  0.005  0.000  0.011  0.000  0.000  0.481
   0.79391      1.910826  0.009  0.446  0.019  0.047  0.005  0.000  0.005  0.000  0.000  0.531
   0.75539      1.714152  0.005  0.538  0.005  0.019  0.004  0.000  0.002  0.000  0.000  0.573
   0.71687      1.628776  0.000  0.592  0.000  0.000  0.004  0.000  0.000  0.000  0.000  0.598
   0.71687      1.628776  0.000  0.592  0.000  0.000  0.004  0.001  0.000  0.000  0.000  0.598
   0.67914      1.720603  0.000  0.580  0.000  0.000  0.006  0.000  0.000  0.000  0.000  0.588
   0.64141      1.838722  0.000  0.566  0.000  0.000  0.010  0.000  0.000  0.000  0.000  0.576
   0.60368      1.934360  0.034  0.002  0.289  0.028  0.000  0.000  0.010  0.002  0.000  0.366
   0.56595      1.821769  0.016  0.000  0.290  0.070  0.000  0.000  0.014  0.000  0.000  0.390
   0.52822      1.908883  0.042  0.000  0.036  0.314  0.000  0.000  0.010  0.000  0.002  0.406
   0.49049      2.112845  0.050  0.000  0.016  0.314  0.000  0.000  0.008  0.000  0.004  0.392
   0.45276      2.315294  0.049  0.000  0.012  0.310  0.000  0.000  0.008  0.000  0.006  0.386
   0.41503      2.507702  0.044  0.000  0.010  0.306  0.000  0.000  0.006  0.000  0.008  0.377
   0.37730      2.683066  0.038  0.000  0.008  0.298  0.000  0.000  0.006  0.000  0.014  0.366
   0.33957      2.832309  0.032  0.000  0.007  0.284  0.000  0.000  0.006  0.000  0.024  0.352
   0.30184      2.945291  0.024  0.000  0.006  0.261  0.000  0.000  0.004  0.000  0.040  0.333
   0.26411      3.013871  0.016  0.000  0.004  0.231  0.000  0.000  0.002  0.000  0.058  0.312
   0.22638      3.037451  0.010  0.000  0.002  0.197  0.000  0.000  0.002  0.000  0.080  0.291
   0.18865      3.191432  0.000  0.573  0.000  0.000  0.020  0.000  0.000  0.000  0.000  0.593
   0.15092      3.384675  0.002  0.548  0.002  0.002  0.015  0.000  0.002  0.000  0.000  0.570
   0.11319      3.448559  0.020  0.002  0.002  0.078  0.000  0.000  0.014  0.000  0.004  0.118
   0.07546      3.451654  0.012  0.000  0.000  0.206  0.000  0.000  0.010  0.000  0.008  0.238
   0.03773      3.488881  0.004  0.000  0.000  0.396  0.000  0.000  0.006  0.000  0.018  0.422
   0.00000      3.512336  0.000  0.000  0.000  0.452  0.000  0.000  0.004  0.000  0.020  0.478
