   1  64   1   0  0.2044414E+02  0.2000000E+04
  CAR 
 Si_2x2x2                                
   0   0   0
   1   1
 256 256 256
 256
  0.1000000E-09
  0.6250000E-11
   1
  0.3000000E-14  0.1093746E-08  0.1093746E-08  0.1093746E-08
  0.2002684E+04  0.1963816E+04
  0.000
  0.000
  0.000
  0.000
  0.000
  0.000
  0.000
  0.000
  0.000
  0.000
  0.000
  0.000
  0.000
  0.000
  0.000
  0.000
  0.000
  0.000
  0.000
  0.000
  0.000
  0.000
  0.000
  0.000
  0.000
  0.000
  0.000
  0.000
  0.000
  0.000
  0.015
  0.042
  0.053
  0.192
  0.577
  1.107
  1.886
  2.315
  2.412
  2.318
  1.828
  1.717
  1.380
  1.001
  0.757
  0.801
  0.671
  0.677
  0.581
  0.530
  0.561
  0.673
  0.682
  0.713
  0.738
  0.766
  0.898
  0.991
  1.030
  0.929
  1.161
  1.250
  1.368
  1.367
  1.371
  1.421
  1.271
  1.214
  1.352
  1.124
  1.156
  1.108
  1.041
  1.041
  0.913
  0.945
  0.963
  1.016
  0.987
  1.017
  0.942
  0.802
  0.765
  0.854
  0.897
  0.878
  0.900
  0.912
  0.893
  0.837
  0.805
  0.872
  0.892
  0.946
  0.990
  0.984
  0.881
  1.002
  0.969
  1.007
  1.005
  1.012
  1.034
  1.095
  1.097
  1.024
  1.059
  1.087
  1.111
  1.028
  1.049
  1.118
  1.069
  1.045
  1.089
  1.186
  1.036
  0.978
  0.992
  1.012
  1.054
  1.079
  1.052
  1.056
  1.035
  0.978
  0.981
  0.958
  0.934
  0.909
  0.900
  0.918
  0.911
  0.975
  1.037
  1.003
  1.028
  0.985
  0.963
  1.046
  1.054
  0.992
  0.910
  0.927
  0.903
  0.905
  0.950
  0.947
  0.972
  0.929
  0.878
  0.926
  0.974
  0.988
  1.025
  1.012
  0.999
  1.029
  1.101
  1.111
  1.111
  1.082
  1.050
  1.058
  1.076
  1.061
  1.049
  1.017
  0.932
  0.938
  0.964
  0.911
  0.946
  0.894
  0.885
  0.870
  0.887
  0.894
  0.856
  0.931
  0.951
  0.961
  0.988
  0.955
  0.992
  0.966
  0.969
  1.019
  1.010
  0.950
  0.981
  0.966
  0.964
  0.964
  1.004
  0.964
  0.978
  1.031
  1.013
  1.017
  0.984
  0.970
  0.925
  0.906
  0.904
  0.908
  0.897
  0.937
  0.946
  0.964
  0.978
  1.020
  1.072
  1.074
  1.058
  1.106
  1.103
  1.146
  1.152
  1.139
  1.112
  1.111
  1.123
  1.107
  1.059
  1.034
  0.980
  1.016
  0.966
  0.966
  0.922
  0.911
  0.895
  0.892
  0.901
  0.907
  0.880
  0.857
  0.866
  0.860
  0.862
  0.871
  0.862
  0.865
  0.899
  0.930
  0.929
  0.974
  0.976
  0.950
  0.951
  1.002
  1.034
  1.064
  1.086
  1.052
