    2   12   12
 32.066207.200
    1    1  1.0000  0.0000  0.0000
 -2.546070  -0.000098  -0.000413
  0.257721  -0.000012  -0.000183
  0.002220  -0.000062   0.000332
  1.655420   0.000002   0.000098
  0.105577  -0.000002   0.000085
  0.150700  -0.000023   0.000059
  1.064096   0.000084   0.000097
 -0.095427  -0.000004   0.000060
 -0.036901   0.000081  -0.000107
 -0.597542   0.000062   0.000031
  0.058945  -0.000047   0.000040
 -0.018738   0.000020  -0.000098
    1    2  0.0000  1.0000  0.0000
  0.000000  -3.887083  -0.033622
  0.000000  -0.003562  -0.187697
  0.000000   0.138723  -0.007796
  0.000000   2.338775  -0.052179
  0.000000   0.135669  -0.311212
  0.000000   0.102617   0.689801
  0.000000   1.872081  -0.440651
  0.000000   0.033215  -0.125584
  0.000000  -0.078176   0.048243
  0.000000  -0.705820   0.204457
  0.000000   0.324527   0.201525
  0.000000  -0.270963   0.014715
    1    3  0.0000  0.0000  1.0000
  0.000000  -0.074638  -4.517568
  0.000000   0.229095  -0.719663
  0.000000   0.048592  -1.643198
  0.000000  -0.093470  -1.702414
  0.000000  -0.219005  -1.795166
  0.000000   0.279631  -1.766919
  0.000000   0.380175   2.075875
  0.000000  -0.401173   1.524092
  0.000000   0.072584   1.433904
  0.000000  -0.134503   1.819143
  0.000000  -0.069548   3.238562
  0.000000  -0.017739   2.053354
    5    1  1.0000  0.0000  0.0000
  0.106040  -0.000016   0.000037
  0.106040  -0.000016  -0.000037
  0.151265   0.000031   0.000081
  0.151265   0.000031  -0.000081
 -3.374324  -0.000073   0.000000
  1.354681   0.000006   0.000000
 -0.036535   0.000024  -0.000132
 -0.036535   0.000024   0.000132
  0.134638  -0.000041  -0.000129
  0.134638  -0.000041   0.000129
  0.829452  -0.000047   0.000000
  0.479375   0.000120   0.000000
    5    2  0.0000  1.0000  0.0000
  0.000000   0.136442  -0.219227
  0.000000   0.136442   0.219227
  0.000000   0.102079  -0.279312
  0.000000   0.102079   0.279312
  0.000000  -4.018421   0.000000
  0.000000   2.060445   0.000000
  0.000000  -0.232174  -0.018608
  0.000000  -0.232174   0.018608
  0.000000   0.371855  -0.000101
  0.000000   0.371855   0.000101
  0.000000   0.784835   0.000000
  0.000000   0.416736   0.000000
    5    3  0.0000  0.0000  1.0000
  0.000000  -0.352580  -1.903916
  0.000000   0.352631  -1.904030
  0.000000  -0.647577  -1.875054
  0.000000   0.647622  -1.874925
  0.000000   0.000016  -6.066961
  0.000000   0.000038  -1.842664
  0.000000   0.005839   1.587395
  0.000000  -0.005882   1.587390
  0.000000  -0.058258   3.190535
  0.000000   0.058217   3.190547
  0.000000  -0.000036   2.883433
  0.000000  -0.000031   3.028250
    7    1  1.0000  0.0000  0.0000
  1.063990   0.000219   0.000141
 -0.095777   0.000002   0.000060
 -0.037724  -0.000003  -0.000069
 -0.598824  -0.000038   0.000028
 -0.037457   0.000016  -0.000010
  0.133558  -0.000034   0.000068
 -1.416565  -0.000112  -0.000032
  0.149710  -0.000003  -0.000074
  0.018849  -0.000014   0.000052
  0.558376  -0.000033  -0.000101
  0.153786   0.000006  -0.000041
  0.108078  -0.000006  -0.000022
    7    2  0.0000  1.0000  0.0000
  0.000000   1.873800   0.274623
  0.000000   0.034467   0.295948
  0.000000  -0.079387  -0.177918
  0.000000  -0.707481  -0.239671
  0.000000  -0.232173  -0.099904
  0.000000   0.372573  -0.047389
  0.000000  -4.491434   0.218198
  0.000000  -0.002669   0.083106
  0.000000   0.104220  -0.026904
  0.000000   2.861084   0.078519
  0.000000   0.166071  -1.316969
  0.000000   0.100928   0.958360
    7    3  0.0000  0.0000  1.0000
  0.000000  -0.467921  -0.243071
  0.000000   0.153542  -0.795680
  0.000000  -0.020820  -0.885484
  0.000000   0.177006  -0.500277
  0.000000  -0.018080  -0.661998
  0.000000  -0.000260   0.940997
  0.000000   0.289904  -2.295778
  0.000000  -0.153841   1.280655
  0.000000  -0.044160   0.918671
  0.000000   0.148252   0.595692
  0.000000  -0.741348   0.811863
  0.000000   0.677726   0.834411
   11    1  1.0000  0.0000  0.0000
  0.058151  -0.000009  -0.000015
  0.058151  -0.000009   0.000015
 -0.019107  -0.000045  -0.000069
 -0.019107  -0.000045   0.000069
  0.828939  -0.000001   0.000000
  0.477724   0.000076   0.000000
  0.153755   0.000028  -0.000015
  0.153755   0.000028   0.000015
  0.107998   0.000001  -0.000032
  0.107998   0.000001   0.000032
 -2.216472  -0.000010   0.000000
  0.308214  -0.000015   0.000000
   11    2  0.0000  1.0000  0.0000
  0.000000   0.325564  -0.069425
  0.000000   0.325564   0.069425
  0.000000  -0.271690   0.017702
  0.000000  -0.271690  -0.017702
  0.000000   0.786254   0.000000
  0.000000   0.416483   0.000000
  0.000000   0.164873  -0.741053
  0.000000   0.164873   0.741053
  0.000000   0.101947  -0.677790
  0.000000   0.101947   0.677790
  0.000000  -4.347578   0.000000
  0.000000   2.503455   0.000000
   11    3  0.0000  0.0000  1.0000
  0.000000   0.174226   0.695791
  0.000000  -0.174273   0.695889
  0.000000   0.012875  -0.489070
  0.000000  -0.012910  -0.489184
  0.000000  -0.000013   0.408974
  0.000000  -0.000047   0.554323
  0.000000  -1.245953   0.662032
  0.000000   1.245998   0.662039
  0.000000  -1.029359   0.685026
  0.000000   1.029387   0.685015
  0.000000   0.000029  -4.321514
  0.000000   0.000040   0.250680
