    2   12   36
 32.066207.200
    1    1  1.0000  0.0000  0.0000
 -2.551064  -0.000004   0.000001
  0.258665  -0.000026   0.000006
  0.002212  -0.000003  -0.000002
  1.655340   0.000015   0.000001
  0.104921   0.000009  -0.000002
  0.150306   0.000010  -0.000001
  1.063659  -0.000012  -0.000011
 -0.094697  -0.000013   0.000001
 -0.035573  -0.000008  -0.000003
 -0.596943   0.000004   0.000002
  0.060409   0.000032  -0.000003
 -0.017235  -0.000004   0.000010
    1    2  0.0000  1.0000  0.0000
  0.000014  -3.875032  -0.034016
  0.000012  -0.001727  -0.187580
 -0.000003   0.136342  -0.007320
 -0.000037   2.329157  -0.052528
  0.000001   0.133845  -0.307517
  0.000009   0.103217   0.684674
  0.000001   1.872320  -0.438871
  0.000006   0.032812  -0.126038
  0.000003  -0.078694   0.048122
  0.000002  -0.704745   0.204101
 -0.000013   0.323308   0.201820
  0.000006  -0.270802   0.015154
    1    3  0.0000  0.0000  1.0000
  0.000090  -0.069417  -4.549044
 -0.000058   0.224271  -0.716243
 -0.000007   0.049200  -1.659618
 -0.000006  -0.092130  -1.716496
 -0.000009  -0.214761  -1.823385
  0.000014   0.275345  -1.794834
 -0.000026   0.380149   2.097403
  0.000001  -0.402055   1.540481
  0.000011   0.070472   1.451368
  0.000023  -0.133358   1.842570
 -0.000007  -0.069648   3.256599
 -0.000025  -0.018068   2.071199
    2    1  1.0000  0.0000  0.0000
  0.258705   0.000004  -0.000004
 -2.551433  -0.000092  -0.000035
  1.655403  -0.000005  -0.000009
  0.002234   0.000007   0.000004
  0.104962   0.000003   0.000015
  0.150316   0.000000   0.000002
 -0.094673   0.000008   0.000012
  1.063718   0.000033   0.000000
 -0.596902   0.000001   0.000026
 -0.035554   0.000013   0.000004
  0.060415   0.000018  -0.000019
 -0.017190   0.000009   0.000005
    2    2  0.0000  1.0000  0.0000
 -0.000005  -0.001703   0.187564
 -0.000049  -3.875624   0.034013
  0.000033   2.329431   0.052575
 -0.000004   0.136348   0.007316
  0.000008   0.133926   0.307680
 -0.000005   0.103219  -0.684846
  0.000004   0.032850   0.126056
  0.000005   1.872355   0.438827
 -0.000013  -0.704676  -0.204101
 -0.000004  -0.078674  -0.048138
  0.000033   0.323318  -0.201784
 -0.000004  -0.270772  -0.015163
    2    3  0.0000  0.0000  1.0000
  0.000033  -0.229338  -0.719473
 -0.000037   0.074638  -4.526976
 -0.000012   0.094169  -1.705406
  0.000015  -0.049453  -1.647219
  0.000001   0.222544  -1.793495
  0.000018  -0.282562  -1.765056
 -0.000003   0.400615   1.527048
  0.000008  -0.377998   2.077627
 -0.000019   0.133255   1.821558
  0.000004  -0.072952   1.437462
 -0.000012   0.069347   3.239218
  0.000004   0.017734   2.054712
    3    1  1.0000  0.0000  0.0000
  0.002229   0.000018   0.000008
  1.655379  -0.000018   0.000020
 -2.551249  -0.000131  -0.000086
  0.258705   0.000009   0.000007
  0.150291   0.000021   0.000019
  0.104952  -0.000002   0.000006
 -0.035561   0.000005   0.000006
 -0.596934   0.000047  -0.000010
  1.063718   0.000020   0.000004
 -0.094693   0.000014   0.000000
 -0.017215   0.000016   0.000003
  0.060379   0.000001   0.000023
    3    2  0.0000  1.0000  0.0000
 -0.000013   0.136354   0.007314
  0.000001   2.329411   0.052573
  0.000102  -3.875548   0.033997
  0.000001  -0.001706   0.187574
  0.000005   0.103219  -0.684766
 -0.000004   0.133922   0.307606
 -0.000004  -0.078676  -0.048129
 -0.000025  -0.704712  -0.204115
 -0.000047   1.872344   0.438855
 -0.000002   0.032843   0.126041
 -0.000001  -0.270766  -0.015158
 -0.000012   0.323315  -0.201792
    3    3  0.0000  0.0000  1.0000
 -0.000020  -0.049450  -1.647174
  0.000010   0.094133  -1.705404
  0.000241   0.074537  -4.526798
 -0.000065  -0.229351  -0.719426
 -0.000010  -0.282563  -1.765021
 -0.000028   0.222578  -1.793492
 -0.000024  -0.072962   1.437393
  0.000017   0.133345   1.821491
 -0.000109  -0.378011   2.077622
  0.000001   0.400629   1.526953
 -0.000017   0.017746   2.054662
  0.000004   0.069369   3.239194
    4    1  1.0000  0.0000  0.0000
  1.655298   0.000030   0.000010
  0.002226  -0.000002   0.000004
  0.258725   0.000002   0.000020
 -2.551226   0.000053  -0.000012
  0.150336  -0.000010  -0.000013
  0.104931  -0.000000  -0.000002
 -0.596908  -0.000032  -0.000002
 -0.035566   0.000000   0.000003
 -0.094691  -0.000007   0.000004
  1.063690  -0.000018  -0.000011
 -0.017214  -0.000006   0.000001
  0.060396  -0.000009  -0.000000
    4    2  0.0000  1.0000  0.0000
 -0.000028   2.329308  -0.052545
  0.000012   0.136346  -0.007320
  0.000000  -0.001722  -0.187587
 -0.000030  -3.875258  -0.033966
 -0.000008   0.103203   0.684745
  0.000005   0.133881  -0.307627
  0.000016  -0.704729   0.204113
  0.000009  -0.078693   0.048126
  0.000005   0.032818  -0.126042
  0.000009   1.872324  -0.438845
  0.000004  -0.270791   0.015161
  0.000006   0.323312   0.201786
    4    3  0.0000  0.0000  1.0000
 -0.000039  -0.092151  -1.716474
  0.000023   0.049198  -1.659598
  0.000051   0.224258  -0.716266
 -0.000116  -0.069508  -4.549225
  0.000004   0.275399  -1.794892
  0.000024  -0.214790  -1.823480
  0.000026  -0.133338   1.842555
  0.000020   0.070459   1.451408
 -0.000003  -0.402036   1.540563
  0.000054   0.380186   2.097532
  0.000014  -0.018060   2.071245
 -0.000058  -0.069618   3.256631
    5    1  1.0000  0.0000  0.0000
  0.106132  -0.000015  -0.000001
  0.106142  -0.000009   0.000005
  0.150948  -0.000003  -0.000012
  0.150936  -0.000011   0.000010
 -3.377975   0.000195  -0.000022
  1.354812   0.000011   0.000006
 -0.035527  -0.000017   0.000002
 -0.035522  -0.000015   0.000001
  0.135749  -0.000028   0.000023
  0.135708  -0.000012  -0.000035
  0.829336  -0.000024   0.000003
  0.479258  -0.000074   0.000018
    5    2  0.0000  1.0000  0.0000
  0.000015   0.137534  -0.223426
  0.000004   0.137553   0.223433
 -0.000005   0.100537  -0.283380
  0.000001   0.100543   0.283396
 -0.000151  -4.018502  -0.000077
  0.000039   2.068902   0.000033
  0.000013  -0.233710  -0.018546
  0.000012  -0.233711   0.018552
  0.000011   0.370595   0.000045
  0.000003   0.370615  -0.000021
  0.000017   0.783931  -0.000026
  0.000041   0.415714   0.000018
    5    3  0.0000  0.0000  1.0000
 -0.000036  -0.352493  -1.903243
 -0.000004   0.352463  -1.903207
 -0.000041  -0.647889  -1.874471
  0.000010   0.647827  -1.874499
  0.000192   0.000139  -6.068188
 -0.000015   0.000035  -1.841516
  0.000011   0.004731   1.586950
 -0.000026  -0.004763   1.586979
  0.000023  -0.056881   3.190810
 -0.000031   0.056882   3.190796
 -0.000033  -0.000067   2.882463
 -0.000050   0.000016   3.027127
    6    1  1.0000  0.0000  0.0000
  0.150944  -0.000013   0.000008
  0.150932   0.000025   0.000019
  0.106127  -0.000017   0.000015
  0.106146   0.000006   0.000018
  1.354804  -0.000013   0.000014
 -3.377983   0.000055  -0.000218
  0.135756   0.000006   0.000048
  0.135710   0.000033   0.000041
 -0.035524  -0.000013   0.000009
 -0.035526  -0.000014   0.000017
  0.479277  -0.000051   0.000003
  0.829338  -0.000005   0.000027
    6    2  0.0000  1.0000  0.0000
  0.000011   0.100518   0.283385
  0.000011   0.100520  -0.283372
 -0.000002   0.137518   0.223427
  0.000015   0.137520  -0.223425
  0.000004   2.069045   0.000008
 -0.000132  -4.018418  -0.000047
  0.000003   0.370558  -0.000008
 -0.000006   0.370576   0.000030
  0.000015  -0.233729   0.018554
  0.000012  -0.233722  -0.018544
  0.000019   0.415705   0.000004
  0.000051   0.783908  -0.000012
    6    3  0.0000  0.0000  1.0000
 -0.000031   0.647859  -1.874496
  0.000040  -0.647881  -1.874472
 -0.000030   0.352501  -1.903222
  0.000015  -0.352464  -1.903235
 -0.000014  -0.000001  -1.841472
  0.000090  -0.000118  -6.068175
  0.000007   0.056870   3.190789
 -0.000032  -0.056869   3.190803
  0.000007  -0.004738   1.586987
 -0.000021   0.004760   1.586944
  0.000012   0.000037   3.027105
 -0.000044   0.000045   2.882446
    7    1  1.0000  0.0000  0.0000
  1.062328  -0.000001  -0.000020
 -0.095899   0.000004   0.000000
 -0.037118   0.000002  -0.000002
 -0.598471  -0.000001  -0.000008
 -0.036545   0.000009  -0.000001
  0.132120  -0.000001  -0.000000
 -1.414107   0.000009   0.000041
  0.149466   0.000008  -0.000003
  0.019157   0.000001   0.000005
  0.557947  -0.000011  -0.000003
  0.153372  -0.000007  -0.000006
  0.107753  -0.000011  -0.000001
    7    2  0.0000  1.0000  0.0000
  0.000042   1.875577   0.269957
 -0.000013   0.035135   0.296256
 -0.000014  -0.079296  -0.178450
 -0.000007  -0.709114  -0.236514
  0.000004  -0.233139  -0.100060
 -0.000005   0.372353  -0.049491
  0.000013  -4.490618   0.219254
 -0.000003  -0.002259   0.084000
 -0.000009   0.104522  -0.025743
  0.000001   2.858634   0.078317
 -0.000008   0.167304  -1.315348
 -0.000001   0.100901   0.957821
    7    3  0.0000  0.0000  1.0000
  0.000009  -0.465910  -0.246545
 -0.000011   0.153320  -0.797428
 -0.000006  -0.020657  -0.886728
  0.000002   0.175551  -0.504224
  0.000004  -0.018204  -0.662994
 -0.000025  -0.000455   0.938005
  0.000006   0.290250  -2.294415
 -0.000003  -0.154541   1.283091
 -0.000001  -0.044720   0.920617
  0.000004   0.148855   0.597929
  0.000011  -0.741100   0.815086
  0.000008   0.677612   0.837606
    8    1  1.0000  0.0000  0.0000
 -0.095906   0.000002   0.000003
  1.062366   0.000003   0.000014
 -0.598467  -0.000000  -0.000015
 -0.037125  -0.000003   0.000000
 -0.036553   0.000001   0.000003
  0.132128  -0.000001   0.000001
  0.149459   0.000002  -0.000002
 -1.414084  -0.000018  -0.000032
  0.557935   0.000005  -0.000007
  0.019150   0.000005  -0.000001
  0.153359   0.000004   0.000013
  0.107739  -0.000000   0.000022
    8    2  0.0000  1.0000  0.0000
 -0.000003   0.035123  -0.296234
  0.000012   1.875587  -0.269920
  0.000026  -0.709091   0.236500
 -0.000006  -0.079306   0.178429
 -0.000004  -0.233111   0.100065
 -0.000001   0.372333   0.049497
  0.000006  -0.002266  -0.084001
 -0.000036  -4.490517  -0.219270
 -0.000005   2.858563  -0.078323
  0.000006   0.104511   0.025742
  0.000000   0.167275   1.315303
  0.000004   0.100897  -0.957789
    8    3  0.0000  0.0000  1.0000
 -0.000005  -0.153328  -0.797402
  0.000012   0.465951  -0.246570
  0.000014  -0.175588  -0.504264
  0.000000   0.020671  -0.886749
  0.000007   0.018221  -0.663041
 -0.000028   0.000460   0.937976
  0.000002   0.154557   1.283102
 -0.000005  -0.290273  -2.294359
 -0.000005  -0.148884   0.597937
 -0.000006   0.044760   0.920634
  0.000005   0.741073   0.815094
  0.000010  -0.677620   0.837643
    9    1  1.0000  0.0000  0.0000
 -0.037125   0.000004  -0.000005
 -0.598450  -0.000001  -0.000011
  1.062349  -0.000008  -0.000018
 -0.095905   0.000008  -0.000009
  0.132122   0.000009   0.000004
 -0.036548   0.000003  -0.000010
  0.019149   0.000014   0.000002
  0.557929   0.000012  -0.000001
 -1.414095  -0.000058   0.000074
  0.149461   0.000003  -0.000000
  0.107752   0.000010  -0.000012
  0.153362   0.000004  -0.000013
    9    2  0.0000  1.0000  0.0000
  0.000014  -0.079295   0.178427
  0.000013  -0.709081   0.236497
 -0.000043   1.875571  -0.269926
  0.000009   0.035132  -0.296244
 -0.000003   0.372351   0.049498
  0.000005  -0.233126   0.100069
  0.000001   0.104518   0.025738
  0.000006   2.858589  -0.078327
 -0.000007  -4.490599  -0.219242
  0.000002  -0.002262  -0.084005
 -0.000002   0.100910  -0.957800
  0.000006   0.167291   1.315316
    9    3  0.0000  0.0000  1.0000
 -0.000003   0.020672  -0.886756
  0.000012  -0.175582  -0.504246
  0.000006   0.465942  -0.246585
 -0.000005  -0.153317  -0.797402
 -0.000025   0.000447   0.937971
 -0.000002   0.018211  -0.663055
 -0.000001   0.044763   0.920645
  0.000003  -0.148878   0.597918
  0.000010  -0.290275  -2.294331
 -0.000004   0.154555   1.283102
  0.000002  -0.677608   0.837646
  0.000008   0.741070   0.815093
   10    1  1.0000  0.0000  0.0000
 -0.598469  -0.000011  -0.000009
 -0.037120  -0.000005   0.000005
 -0.095899  -0.000006   0.000003
  1.062348   0.000026   0.000012
  0.132109  -0.000000   0.000012
 -0.036549  -0.000005   0.000013
  0.557945  -0.000010   0.000004
  0.019149   0.000002  -0.000006
  0.149467  -0.000009  -0.000003
 -1.414105   0.000031  -0.000049
  0.107750  -0.000012   0.000010
  0.153373  -0.000000   0.000009
   10    2  0.0000  1.0000  0.0000
 -0.000032  -0.709107  -0.236528
  0.000003  -0.079300  -0.178455
  0.000007   0.035124   0.296251
  0.000018   1.875575   0.269979
  0.000008   0.372327  -0.049501
 -0.000002  -0.233120  -0.100073
  0.000005   2.858602   0.078328
 -0.000005   0.104527  -0.025743
 -0.000003  -0.002261   0.084008
  0.000007  -4.490544   0.219245
 -0.000003   0.100895   0.957823
 -0.000003   0.167282  -1.315334
   10    3  0.0000  0.0000  1.0000
  0.000007   0.175552  -0.504215
  0.000003  -0.020660  -0.886739
 -0.000012   0.153330  -0.797429
  0.000004  -0.465930  -0.246555
 -0.000010  -0.000459   0.937990
  0.000002  -0.018214  -0.663005
 -0.000004   0.148856   0.597900
 -0.000006  -0.044724   0.920616
  0.000000  -0.154535   1.283083
 -0.000001   0.290262  -2.294330
  0.000000   0.677625   0.837601
  0.000017  -0.741103   0.815082
   11    1  1.0000  0.0000  0.0000
  0.058329   0.000005   0.000026
  0.058343   0.000002  -0.000011
 -0.018243  -0.000002   0.000003
 -0.018248   0.000000  -0.000008
  0.829830  -0.000001  -0.000011
  0.478089  -0.000012   0.000000
  0.153090  -0.000011  -0.000017
  0.153086  -0.000006   0.000011
  0.107392   0.000007  -0.000019
  0.107395   0.000007   0.000019
 -2.217271   0.000005   0.000009
  0.308209   0.000005  -0.000002
   11    2  0.0000  1.0000  0.0000
  0.000034   0.320630  -0.067751
  0.000017   0.320639   0.067756
 -0.000005  -0.265173   0.018339
 -0.000005  -0.265155  -0.018347
  0.000000   0.779968   0.000026
 -0.000010   0.410990  -0.000019
 -0.000005   0.166034  -0.741732
 -0.000005   0.166038   0.741732
 -0.000007   0.102576  -0.678809
 -0.000004   0.102573   0.678785
 -0.000008  -4.343815   0.000030
 -0.000002   2.504694  -0.000011
   11    3  0.0000  0.0000  1.0000
  0.000008   0.174447   0.695243
 -0.000000  -0.174476   0.695122
  0.000007   0.012675  -0.490060
 -0.000009  -0.012675  -0.489876
  0.000032   0.000018   0.408943
  0.000037  -0.000030   0.554259
 -0.000007  -1.245414   0.662607
  0.000015   1.245455   0.662633
 -0.000012  -1.029789   0.685384
  0.000015   1.029833   0.685361
 -0.000068  -0.000015  -4.321162
 -0.000018  -0.000028   0.251545
   12    1  1.0000  0.0000  0.0000
 -0.018240  -0.000005   0.000005
 -0.018237  -0.000007  -0.000009
  0.058346  -0.000015   0.000009
  0.058341  -0.000017  -0.000007
  0.478084   0.000010  -0.000006
  0.829817   0.000007   0.000016
  0.107393  -0.000005  -0.000013
  0.107397  -0.000013  -0.000001
  0.153097   0.000001  -0.000011
  0.153094  -0.000001   0.000017
  0.308213  -0.000013   0.000002
 -2.217304   0.000058  -0.000002
   12    2  0.0000  1.0000  0.0000
 -0.000016  -0.265159  -0.018344
  0.000003  -0.265177   0.018338
  0.000018   0.320647   0.067752
  0.000008   0.320635  -0.067750
 -0.000014   0.410994  -0.000027
 -0.000005   0.779973   0.000012
 -0.000004   0.102574   0.678775
 -0.000006   0.102567  -0.678799
 -0.000008   0.166032   0.741735
  0.000001   0.166031  -0.741732
 -0.000005   2.504684   0.000001
  0.000028  -4.343801   0.000038
   12    3  0.0000  0.0000  1.0000
  0.000020  -0.012677  -0.489881
 -0.000009   0.012676  -0.490057
  0.000013  -0.174454   0.695138
  0.000018   0.174442   0.695252
  0.000004   0.000009   0.554270
  0.000025   0.000003   0.408956
 -0.000009   1.029823   0.685371
  0.000017  -1.029803   0.685388
 -0.000006   1.245451   0.662636
  0.000017  -1.245428   0.662600
  0.000003  -0.000022   0.251534
 -0.000092  -0.000019  -4.321206
