    2   12   36
 32.066207.200
    1    1  1.0000  0.0000  0.0000
 -2.547037  -0.000024   0.000073
  0.257422  -0.000007   0.000011
  0.001765  -0.000003  -0.000012
  1.653820   0.000004  -0.000025
  0.104640  -0.000003  -0.000009
  0.150385   0.000008  -0.000023
  1.065361   0.000007   0.000003
 -0.095104  -0.000000   0.000004
 -0.036387  -0.000005  -0.000006
 -0.596230  -0.000020   0.000002
  0.059364   0.000038  -0.000028
 -0.018000   0.000005   0.000009
    1    2  0.0000  1.0000  0.0000
  0.000004  -3.884364  -0.032643
 -0.000016  -0.003422  -0.187608
  0.000013   0.136356  -0.007578
 -0.000004   2.343562  -0.051833
  0.000014   0.136326  -0.314035
 -0.000017   0.100805   0.694156
 -0.000053   1.872034  -0.440223
  0.000008   0.032495  -0.126325
 -0.000001  -0.079246   0.047476
  0.000020  -0.704733   0.203764
  0.000024   0.321997   0.200634
  0.000008  -0.271811   0.014214
    1    3  0.0000  0.0000  1.0000
 -0.000213  -0.075141  -4.517290
  0.000044   0.229101  -0.718868
  0.000018   0.049109  -1.643742
 -0.000043  -0.093787  -1.702894
  0.000031  -0.219473  -1.795571
 -0.000003   0.279582  -1.767029
  0.000087   0.379717   2.076059
  0.000002  -0.401450   1.524051
  0.000023   0.072928   1.434046
  0.000022  -0.133684   1.819469
  0.000010  -0.069218   3.238391
  0.000023  -0.017683   2.053378
    2    1  1.0000  0.0000  0.0000
  0.257436  -0.000007  -0.000012
 -2.547303  -0.000026  -0.000197
  1.653832  -0.000005   0.000042
  0.001781  -0.000000   0.000023
  0.104671   0.000001   0.000029
  0.150380   0.000012   0.000035
 -0.095083  -0.000006   0.000013
  1.065427   0.000012   0.000030
 -0.596185   0.000016  -0.000018
 -0.036377   0.000003   0.000017
  0.059399   0.000007   0.000038
 -0.017978  -0.000007   0.000000
    2    2  0.0000  1.0000  0.0000
 -0.000015  -0.003389   0.187270
  0.000061  -3.889116   0.033464
 -0.000010   2.336625   0.052164
 -0.000008   0.138406   0.007724
  0.000007   0.135470   0.310256
  0.000005   0.103292  -0.689039
  0.000003   0.033515   0.125867
 -0.000031   1.873735   0.440281
 -0.000006  -0.704074  -0.203962
 -0.000007  -0.078047  -0.047886
 -0.000001   0.324598  -0.201491
  0.000002  -0.271015  -0.014648
    2    3  0.0000  0.0000  1.0000
 -0.000076  -0.229105  -0.718872
  0.000214   0.075105  -4.517395
  0.000013   0.093801  -1.702865
 -0.000023  -0.049111  -1.643731
 -0.000032   0.219472  -1.795567
 -0.000004  -0.279577  -1.767023
  0.000003   0.401447   1.524060
 -0.000072  -0.379714   2.076070
  0.000014   0.133693   1.819478
 -0.000016  -0.072923   1.434039
  0.000003   0.069262   3.238437
 -0.000023   0.017650   2.053370
    3    1  1.0000  0.0000  0.0000
  0.001782  -0.000002  -0.000000
  1.653825  -0.000000  -0.000016
 -2.547292   0.000034  -0.000035
  0.257457   0.000009   0.000013
  0.150351  -0.000012  -0.000013
  0.104659   0.000000   0.000002
 -0.036365   0.000000   0.000003
 -0.596198  -0.000006   0.000021
  1.065434  -0.000008  -0.000011
 -0.095097   0.000010   0.000010
 -0.017964   0.000001   0.000017
  0.059409  -0.000025   0.000009
    3    2  0.0000  1.0000  0.0000
  0.000006   0.138380   0.007731
  0.000010   2.336682   0.052225
 -0.000072  -3.888997   0.033291
  0.000011  -0.003402   0.187256
 -0.000005   0.103271  -0.689032
  0.000010   0.135473   0.310301
  0.000017  -0.078052  -0.047876
 -0.000015  -0.704060  -0.203965
  0.000029   1.873657   0.440308
 -0.000009   0.033500   0.125876
  0.000010  -0.271038  -0.014682
  0.000008   0.324586  -0.201433
    3    3  0.0000  0.0000  1.0000
  0.000010  -0.049137  -1.643733
 -0.000017   0.093823  -1.702820
  0.000015   0.075265  -4.517492
  0.000015  -0.229172  -0.718859
 -0.000009  -0.279559  -1.767025
  0.000003   0.219461  -1.795561
  0.000004  -0.072931   1.434040
 -0.000012   0.133673   1.819439
 -0.000001  -0.379751   2.076087
 -0.000011   0.401444   1.524089
  0.000003   0.017616   2.053364
  0.000001   0.069268   3.238471
    4    1  1.0000  0.0000  0.0000
  1.653841   0.000014   0.000012
  0.001758  -0.000007  -0.000004
  0.257433   0.000003   0.000016
 -2.547020   0.000096  -0.000080
  0.150352  -0.000052   0.000010
  0.104656  -0.000005   0.000001
 -0.596254  -0.000012  -0.000013
 -0.036391  -0.000006   0.000017
 -0.095121  -0.000014   0.000012
  1.065353  -0.000005  -0.000005
 -0.018000  -0.000003   0.000006
  0.059391  -0.000010   0.000028
    4    2  0.0000  1.0000  0.0000
  0.000001   2.343564  -0.051897
  0.000020   0.136337  -0.007581
  0.000029  -0.003422  -0.187610
 -0.000181  -3.884322  -0.032562
  0.000016   0.100812   0.694110
  0.000004   0.136327  -0.314020
  0.000018  -0.704797   0.203785
  0.000004  -0.079231   0.047459
  0.000007   0.032500  -0.126334
  0.000068   1.872029  -0.440199
  0.000021  -0.271800   0.014206
 -0.000007   0.322003   0.200642
    4    3  0.0000  0.0000  1.0000
  0.000014  -0.093820  -1.702833
 -0.000018   0.049135  -1.643725
 -0.000049   0.229147  -0.718886
  0.000100  -0.075281  -4.517566
 -0.000006   0.279557  -1.767010
 -0.000031  -0.219450  -1.795530
  0.000016  -0.133640   1.819460
 -0.000003   0.072926   1.434053
  0.000003  -0.401433   1.524098
 -0.000036   0.379748   2.076094
 -0.000004  -0.017660   2.053381
  0.000015  -0.069227   3.238463
    5    1  1.0000  0.0000  0.0000
  0.105430  -0.000007   0.000003
  0.105448  -0.000001  -0.000001
  0.150410   0.000010   0.000015
  0.150415   0.000018  -0.000006
 -3.373245  -0.000153  -0.000047
  1.354563  -0.000001   0.000005
 -0.036018   0.000009   0.000007
 -0.036017   0.000014  -0.000000
  0.135110   0.000001   0.000015
  0.135083   0.000004  -0.000015
  0.829745   0.000059  -0.000005
  0.479077   0.000047   0.000030
    5    2  0.0000  1.0000  0.0000
 -0.000010   0.136218  -0.219535
 -0.000001   0.136213   0.219547
 -0.000014   0.102700  -0.279354
  0.000006   0.102689   0.279369
  0.000092  -4.019284  -0.000069
 -0.000029   2.060278   0.000020
 -0.000010  -0.232917  -0.018600
 -0.000011  -0.232923   0.018614
 -0.000004   0.372143  -0.000178
 -0.000015   0.372123   0.000203
  0.000005   0.785655  -0.000008
 -0.000010   0.417106  -0.000011
    5    3  0.0000  0.0000  1.0000
  0.000020  -0.352928  -1.903675
 -0.000012   0.352918  -1.903682
  0.000019  -0.647850  -1.875043
 -0.000020   0.647889  -1.875044
  0.000002  -0.000044  -6.067153
 -0.000051  -0.000005  -1.842202
 -0.000008   0.005815   1.587520
  0.000014  -0.005811   1.587517
 -0.000020  -0.057877   3.190836
  0.000015   0.057862   3.190742
  0.000007   0.000047   2.882335
  0.000033  -0.000016   3.027851
    6    1  1.0000  0.0000  0.0000
  0.150409  -0.000009   0.000009
  0.150409  -0.000005   0.000001
  0.105452   0.000006   0.000006
  0.105441   0.000011   0.000011
  1.354554   0.000014   0.000016
 -3.373248   0.000075  -0.000077
  0.135078  -0.000007  -0.000009
  0.135124  -0.000012   0.000033
 -0.036034  -0.000008   0.000010
 -0.036019  -0.000005  -0.000002
  0.479083  -0.000034   0.000002
  0.829751  -0.000027   0.000000
    6    2  0.0000  1.0000  0.0000
  0.000005   0.102663   0.279366
  0.000006   0.102685  -0.279340
  0.000004   0.136204   0.219542
  0.000012   0.136205  -0.219531
 -0.000017   2.060309   0.000007
 -0.000052  -4.019232  -0.000110
 -0.000005   0.372143   0.000241
 -0.000009   0.372142  -0.000215
  0.000013  -0.232910   0.018606
  0.000004  -0.232928  -0.018591
  0.000026   0.417118   0.000036
  0.000013   0.785601  -0.000010
    6    3  0.0000  0.0000  1.0000
  0.000026   0.647853  -1.875072
 -0.000019  -0.647823  -1.875072
  0.000020   0.352870  -1.903673
 -0.000003  -0.352894  -1.903676
 -0.000043  -0.000007  -1.842243
 -0.000169  -0.000015  -6.067061
 -0.000019   0.057886   3.190813
  0.000044  -0.057888   3.190832
 -0.000001  -0.005804   1.587472
  0.000034   0.005794   1.587490
  0.000074   0.000011   3.027855
  0.000057   0.000018   2.882336
    7    1  1.0000  0.0000  0.0000
  1.065308   0.000009   0.000018
 -0.095428  -0.000003   0.000005
 -0.037252   0.000001  -0.000001
 -0.597808   0.000006  -0.000008
 -0.036610  -0.000005   0.000013
  0.133871  -0.000004   0.000006
 -1.418297  -0.000014  -0.000063
  0.149352  -0.000010   0.000015
  0.018603   0.000001   0.000003
  0.557533  -0.000002   0.000009
  0.153272   0.000015   0.000002
  0.107455   0.000006   0.000001
    7    2  0.0000  1.0000  0.0000
 -0.000025   1.875050   0.274345
  0.000010   0.034512   0.295913
  0.000010  -0.079036  -0.178389
  0.000005  -0.706034  -0.239498
  0.000007  -0.232553  -0.100164
 -0.000000   0.372522  -0.047769
 -0.000001  -4.492446   0.218935
 -0.000008  -0.003379   0.083807
 -0.000002   0.104776  -0.026787
  0.000005   2.859192   0.078120
 -0.000000   0.166986  -1.316979
  0.000001   0.100409   0.958466
    7    3  0.0000  0.0000  1.0000
 -0.000001  -0.468006  -0.243027
 -0.000002   0.153485  -0.795796
  0.000001  -0.020750  -0.885134
  0.000003   0.177299  -0.500406
  0.000002  -0.018137  -0.662053
  0.000010  -0.000320   0.941068
  0.000009   0.290086  -2.296523
  0.000000  -0.154297   1.280745
 -0.000005  -0.044069   0.918740
  0.000002   0.148145   0.595505
 -0.000015  -0.741087   0.812137
 -0.000005   0.677651   0.834744
    8    1  1.0000  0.0000  0.0000
 -0.095735  -0.000001  -0.000000
  1.062069   0.000016  -0.000001
 -0.598267   0.000012   0.000012
 -0.037293   0.000002  -0.000010
 -0.036410  -0.000001  -0.000029
  0.131993   0.000004  -0.000018
  0.149560   0.000008  -0.000005
 -1.414029  -0.000022   0.000069
  0.558091   0.000007  -0.000007
  0.018921  -0.000008   0.000001
  0.153391  -0.000012  -0.000005
  0.107709  -0.000005  -0.000005
    8    2  0.0000  1.0000  0.0000
  0.000012   0.034507  -0.295941
  0.000016   1.875108  -0.274326
 -0.000002  -0.705943   0.239493
  0.000006  -0.079035   0.178412
  0.000000  -0.232592   0.100164
 -0.000005   0.372563   0.047765
  0.000000  -0.003237  -0.083788
 -0.000012  -4.492496  -0.218957
 -0.000006   2.859124  -0.078122
 -0.000007   0.104618   0.026782
  0.000004   0.166975   1.317013
 -0.000006   0.100407  -0.958496
    8    3  0.0000  0.0000  1.0000
  0.000006  -0.153479  -0.795807
 -0.000009   0.467955  -0.243043
 -0.000000  -0.177266  -0.500428
 -0.000002   0.020748  -0.885127
  0.000008   0.018127  -0.662047
  0.000007   0.000326   0.941025
  0.000010   0.154296   1.280788
 -0.000015  -0.290081  -2.296553
 -0.000002  -0.148138   0.595528
  0.000001   0.044067   0.918751
 -0.000007   0.741097   0.812142
  0.000002  -0.677653   0.834773
    9    1  1.0000  0.0000  0.0000
 -0.037294   0.000002  -0.000001
 -0.598270   0.000008   0.000002
  1.062174   0.000001  -0.000008
 -0.095739  -0.000003  -0.000001
  0.132016  -0.000011   0.000018
 -0.036426  -0.000004   0.000018
  0.018895  -0.000003  -0.000009
  0.558082   0.000001   0.000007
 -1.414073  -0.000006  -0.000028
  0.149557   0.000003  -0.000007
  0.107694   0.000006   0.000006
  0.153384   0.000005   0.000004
    9    2  0.0000  1.0000  0.0000
 -0.000005  -0.079032   0.178409
 -0.000010  -0.705962   0.239467
  0.000003   1.875108  -0.274313
 -0.000007   0.034513  -0.295941
 -0.000013   0.372558   0.047775
 -0.000001  -0.232595   0.100162
  0.000003   0.104611   0.026779
  0.000008   2.859146  -0.078122
  0.000009  -4.492502  -0.218930
  0.000000  -0.003249  -0.083803
  0.000011   0.100425  -0.958500
  0.000002   0.166981   1.317018
    9    3  0.0000  0.0000  1.0000
  0.000002   0.020751  -0.885130
  0.000014  -0.177271  -0.500438
  0.000017   0.467949  -0.243041
 -0.000001  -0.153475  -0.795813
  0.000001   0.000335   0.941045
  0.000001   0.018124  -0.662037
 -0.000004   0.044076   0.918742
 -0.000015  -0.148133   0.595551
  0.000009  -0.290087  -2.296602
 -0.000001   0.154300   1.280807
 -0.000006  -0.677658   0.834773
 -0.000018   0.741089   0.812143
   10    1  1.0000  0.0000  0.0000
 -0.597809  -0.000002   0.000019
 -0.037249  -0.000000  -0.000003
 -0.095430   0.000000  -0.000001
  1.065287   0.000015   0.000004
  0.133872   0.000007  -0.000011
 -0.036616   0.000005  -0.000009
  0.557543  -0.000004  -0.000011
  0.018601  -0.000005  -0.000004
  0.149346  -0.000004  -0.000007
 -1.418266  -0.000012   0.000030
  0.107448   0.000002  -0.000014
  0.153272  -0.000002   0.000007
   10    2  0.0000  1.0000  0.0000
  0.000014  -0.706011  -0.239475
 -0.000001  -0.079033  -0.178390
 -0.000006   0.034513   0.295917
 -0.000005   1.875032   0.274334
 -0.000001   0.372515  -0.047772
 -0.000003  -0.232553  -0.100160
  0.000006   2.859179   0.078114
  0.000008   0.104766  -0.026775
  0.000007  -0.003390   0.083816
 -0.000023  -4.492417   0.218901
  0.000002   0.100414   0.958473
  0.000002   0.166984  -1.316983
   10    3  0.0000  0.0000  1.0000
 -0.000011   0.177291  -0.500416
 -0.000006  -0.020745  -0.885125
  0.000001   0.153482  -0.795793
  0.000006  -0.468016  -0.243033
  0.000005  -0.000326   0.941080
  0.000009  -0.018130  -0.662034
 -0.000000   0.148145   0.595539
  0.000007  -0.044066   0.918740
  0.000004  -0.154293   1.280761
 -0.000024   0.290090  -2.296604
  0.000004   0.677657   0.834749
  0.000005  -0.741088   0.812135
   11    1  1.0000  0.0000  0.0000
  0.058794  -0.000013  -0.000003
  0.058786  -0.000006   0.000000
 -0.018451  -0.000002  -0.000001
 -0.018449  -0.000002   0.000005
  0.829615  -0.000000   0.000012
  0.476870   0.000016   0.000002
  0.153195   0.000007   0.000025
  0.153200   0.000004  -0.000013
  0.107416  -0.000014   0.000013
  0.107404  -0.000017  -0.000019
 -2.216692   0.000036  -0.000020
  0.308312  -0.000008  -0.000002
   11    2  0.0000  1.0000  0.0000
 -0.000009   0.324071  -0.069069
 -0.000006   0.324073   0.069089
  0.000005  -0.270287   0.017871
 -0.000005  -0.270289  -0.017895
 -0.000013   0.786381  -0.000002
 -0.000024   0.415587  -0.000010
  0.000006   0.165643  -0.740934
  0.000004   0.165649   0.740921
  0.000009   0.101813  -0.677615
 -0.000002   0.101809   0.677602
  0.000028  -4.346136   0.000054
  0.000005   2.501685  -0.000013
   11    3  0.0000  0.0000  1.0000
 -0.000005   0.174652   0.695928
 -0.000008  -0.174656   0.695957
 -0.000013   0.012209  -0.489155
  0.000018  -0.012207  -0.489158
 -0.000015   0.000006   0.408812
  0.000001  -0.000002   0.553997
  0.000015  -1.245803   0.662393
 -0.000007   1.245810   0.662403
  0.000020  -1.028819   0.684414
 -0.000024   1.028814   0.684409
  0.000010  -0.000003  -4.321072
  0.000009  -0.000001   0.251072
   12    1  1.0000  0.0000  0.0000
 -0.018453   0.000004  -0.000004
 -0.018458   0.000002   0.000003
  0.058772   0.000012  -0.000013
  0.058780   0.000003   0.000019
  0.476853  -0.000018  -0.000013
  0.829623  -0.000002  -0.000003
  0.107402   0.000003   0.000012
  0.107401   0.000006  -0.000021
  0.153193  -0.000006   0.000015
  0.153196   0.000002  -0.000014
  0.308305   0.000010   0.000004
 -2.216614  -0.000014   0.000015
   12    2  0.0000  1.0000  0.0000
 -0.000002  -0.270287  -0.017887
 -0.000004  -0.270282   0.017872
 -0.000009   0.324078   0.069089
 -0.000002   0.324081  -0.069074
  0.000021   0.415569  -0.000003
  0.000019   0.786390  -0.000013
  0.000002   0.101813   0.677591
  0.000000   0.101812  -0.677603
 -0.000009   0.165641   0.740922
 -0.000003   0.165661  -0.740940
 -0.000007   2.501705  -0.000015
 -0.000006  -4.346182   0.000062
   12    3  0.0000  0.0000  1.0000
 -0.000008  -0.012182  -0.489166
  0.000014   0.012195  -0.489159
 -0.000011  -0.174655   0.695942
  0.000006   0.174653   0.695931
  0.000006  -0.000014   0.554006
 -0.000036   0.000003   0.408795
  0.000014   1.028797   0.684381
 -0.000006  -1.028826   0.684374
  0.000020   1.245803   0.662425
 -0.000021  -1.245814   0.662418
  0.000012   0.000001   0.251073
  0.000010   0.000039  -4.321022
