    2   12   36
  32.066 207.200
    1    1  0.0150  0.0000  0.0000
 -0.038167  -0.000001  -0.000002
  0.003865   0.000000   0.000001
  0.000029  -0.000000   0.000001
  0.024822   0.000001   0.000003
  0.001581   0.000001   0.000000
  0.002258  -0.000001   0.000000
  0.015969   0.000002   0.000000
 -0.001433   0.000000  -0.000000
 -0.000555   0.000000  -0.000000
 -0.008966  -0.000003   0.000000
  0.000881   0.000000   0.000000
 -0.000284  -0.000000  -0.000003
    1    2  0.0000  0.0150  0.0000
 -0.000000  -0.058343  -0.000490
  0.000000  -0.000048  -0.002811
  0.000000   0.002078  -0.000113
  0.000000   0.035081  -0.000782
  0.000000   0.002036  -0.004672
  0.000000   0.001545   0.010337
 -0.000000   0.028083  -0.006612
  0.000000   0.000505  -0.001887
  0.000000  -0.001166   0.000726
 -0.000000  -0.010579   0.003069
  0.000000   0.004870   0.003016
  0.000000  -0.004060   0.000218
    1    3  0.0000  0.0000  0.0150
  0.000000  -0.000485  -0.045874
  0.000000   0.002810   0.011103
 -0.000000   0.000112  -0.002769
 -0.000000  -0.000783  -0.003658
 -0.000000  -0.003291  -0.006685
  0.000000   0.004193  -0.006257
  0.000000   0.004110   0.010917
 -0.000000  -0.004438   0.002637
  0.000000   0.002676   0.001289
  0.000000  -0.003594   0.007067
 -0.000000  -0.001046   0.025012
  0.000000  -0.000264   0.007218
    2    1  0.0150  0.0000  0.0000
  0.003865  -0.000000  -0.000000
 -0.038175  -0.000002  -0.000000
  0.024819   0.000001   0.000001
  0.000029   0.000000   0.000000
  0.001581   0.000000  -0.000000
  0.002259   0.000000  -0.000001
 -0.001432   0.000000  -0.000000
  0.015975   0.000002  -0.000000
 -0.008965  -0.000002  -0.000000
 -0.000554   0.000001  -0.000000
  0.000881   0.000000  -0.000000
 -0.000283  -0.000000   0.000001
    2    2  0.0000  0.0150  0.0000
  0.000000  -0.000048   0.002811
 -0.000000  -0.058343   0.000490
  0.000000   0.035081   0.000782
  0.000000   0.002078   0.000113
  0.000000   0.002036   0.004672
  0.000000   0.001545  -0.010337
  0.000000   0.000505   0.001886
  0.000000   0.028083   0.006612
  0.000000  -0.010579  -0.003069
  0.000000  -0.001166  -0.000726
  0.000000   0.004870  -0.003017
  0.000000  -0.004060  -0.000218
    2    3  0.0000  0.0000  0.0150
  0.000000  -0.002810   0.011103
  0.000000   0.000486  -0.045874
 -0.000000   0.000783  -0.003658
 -0.000000  -0.000112  -0.002770
 -0.000000   0.003291  -0.006685
  0.000000  -0.004193  -0.006257
 -0.000000   0.004438   0.002637
 -0.000000  -0.004110   0.010917
  0.000000   0.003594   0.007067
  0.000000  -0.002676   0.001289
  0.000000   0.001046   0.025012
 -0.000000   0.000264   0.007218
    3    1  0.0150  0.0000  0.0000
  0.000029  -0.000000   0.000000
  0.024819   0.000001   0.000001
 -0.038175  -0.000002   0.000000
  0.003865   0.000000  -0.000000
  0.002259   0.000000  -0.000001
  0.001581   0.000000  -0.000000
 -0.000554   0.000001  -0.000000
 -0.008965  -0.000002  -0.000000
  0.015975   0.000002  -0.000001
 -0.001432   0.000000  -0.000000
 -0.000283  -0.000000   0.000001
  0.000881   0.000000  -0.000001
    3    2  0.0000  0.0150  0.0000
  0.000000   0.002078   0.000113
  0.000000   0.035081   0.000782
 -0.000000  -0.058343   0.000490
  0.000000  -0.000048   0.002811
  0.000000   0.001545  -0.010337
  0.000000   0.002036   0.004672
  0.000000  -0.001166  -0.000726
 -0.000000  -0.010579  -0.003069
 -0.000000   0.028083   0.006612
  0.000000   0.000505   0.001886
  0.000000  -0.004060  -0.000218
  0.000000   0.004870  -0.003017
    3    3  0.0000  0.0000  0.0150
  0.000000  -0.000112  -0.002770
  0.000000   0.000783  -0.003658
 -0.000000   0.000486  -0.045874
 -0.000000  -0.002810   0.011103
 -0.000000  -0.004193  -0.006257
  0.000000   0.003291  -0.006685
 -0.000000  -0.002676   0.001289
 -0.000000   0.003594   0.007067
 -0.000000  -0.004110   0.010917
  0.000000   0.004438   0.002637
 -0.000000   0.000264   0.007218
  0.000000   0.001046   0.025012
    4    1  0.0150  0.0000  0.0000
  0.024819   0.000001  -0.000001
  0.000029  -0.000000   0.000001
  0.003865   0.000000   0.000001
 -0.038175  -0.000002  -0.000000
  0.002259   0.000000   0.000000
  0.001581   0.000000   0.000000
 -0.008965  -0.000002  -0.000000
 -0.000554   0.000001  -0.000000
 -0.001432  -0.000000  -0.000000
  0.015975   0.000002   0.000000
 -0.000283  -0.000000  -0.000001
  0.000881   0.000000   0.000000
    4    2  0.0000  0.0150  0.0000
  0.000000   0.035081  -0.000782
  0.000000   0.002078  -0.000113
  0.000000  -0.000048  -0.002811
 -0.000000  -0.058343  -0.000490
  0.000000   0.001545   0.010337
  0.000000   0.002036  -0.004672
  0.000000  -0.010579   0.003069
  0.000000  -0.001166   0.000726
  0.000000   0.000505  -0.001887
  0.000000   0.028083  -0.006612
  0.000000  -0.004060   0.000218
  0.000000   0.004870   0.003016
    4    3  0.0000  0.0000  0.0150
  0.000000  -0.000783  -0.003658
  0.000000   0.000112  -0.002769
 -0.000000   0.002810   0.011103
 -0.000000  -0.000485  -0.045874
 -0.000000   0.004193  -0.006257
  0.000000  -0.003291  -0.006685
 -0.000000  -0.003594   0.007067
 -0.000000   0.002676   0.001289
  0.000000  -0.004438   0.002637
  0.000000   0.004110   0.010917
  0.000000  -0.000264   0.007218
  0.000000  -0.001046   0.025012
    5    1  0.0150  0.0000  0.0000
  0.001582  -0.000000   0.000000
  0.001582  -0.000000   0.000000
  0.002260   0.000000   0.000000
  0.002260   0.000000   0.000000
 -0.050522  -0.000000  -0.000000
  0.020305   0.000000  -0.000000
 -0.000557   0.000000   0.000000
 -0.000557   0.000000  -0.000000
  0.002011  -0.000000   0.000000
  0.002011   0.000000  -0.000000
  0.012443   0.000001   0.000000
  0.007182  -0.000001   0.000000
    5    2  0.0000  0.0150  0.0000
  0.000001   0.002035  -0.003296
  0.000001   0.002035   0.003296
  0.000001   0.001542  -0.004197
  0.000001   0.001542   0.004197
 -0.000006  -0.060303  -0.000000
  0.000000   0.030909   0.000000
  0.000000  -0.003483  -0.000274
  0.000000  -0.003483   0.000274
  0.000000   0.005583   0.000001
  0.000000   0.005583  -0.000001
  0.000001   0.011786   0.000000
  0.000001   0.006254   0.000000
    5    3  0.0000  0.0000  0.0150
  0.000000  -0.004672  -0.006671
  0.000000   0.004672  -0.006671
  0.000000  -0.010338  -0.006243
  0.000000   0.010338  -0.006243
 -0.000000  -0.000000  -0.070746
  0.000000   0.000000  -0.007380
 -0.000000  -0.001494   0.003584
 -0.000000   0.001494   0.003584
 -0.000000   0.000711   0.027653
 -0.000000  -0.000711   0.027653
 -0.000000   0.000000   0.019652
 -0.000000   0.000000   0.021826
    6    1  0.0150  0.0000  0.0000
  0.002260   0.000000  -0.000000
  0.002260   0.000000   0.000000
  0.001582  -0.000000   0.000000
  0.001582  -0.000000  -0.000000
  0.020305   0.000000   0.000000
 -0.050522  -0.000000  -0.000000
  0.002011   0.000000  -0.000000
  0.002011  -0.000000   0.000000
 -0.000557   0.000000  -0.000000
 -0.000557   0.000000   0.000000
  0.007182  -0.000001  -0.000000
  0.012443   0.000001  -0.000000
    6    2  0.0000  0.0150  0.0000
  0.000001   0.001542   0.004197
  0.000001   0.001542  -0.004197
  0.000001   0.002035   0.003296
  0.000001   0.002035  -0.003296
  0.000000   0.030909   0.000000
 -0.000006  -0.060303  -0.000000
  0.000000   0.005583  -0.000001
  0.000000   0.005583   0.000001
  0.000000  -0.003483   0.000274
  0.000000  -0.003483  -0.000274
  0.000001   0.006254   0.000000
  0.000001   0.011786   0.000000
    6    3  0.0000  0.0000  0.0150
 -0.000000   0.010338  -0.006243
 -0.000000  -0.010338  -0.006243
 -0.000000   0.004672  -0.006671
 -0.000000  -0.004672  -0.006671
 -0.000000   0.000000  -0.007380
  0.000000  -0.000000  -0.070746
  0.000000  -0.000711   0.027653
  0.000000   0.000711   0.027653
  0.000000   0.001494   0.003584
  0.000000  -0.001494   0.003584
  0.000000   0.000000   0.021826
  0.000000   0.000000   0.019652
    7    1  0.0150  0.0000  0.0000
  0.015965   0.000000  -0.000000
 -0.001439   0.000000  -0.000000
 -0.000561  -0.000000  -0.000000
 -0.008973  -0.000000  -0.000000
 -0.000560   0.000000   0.000001
  0.002005  -0.000000   0.000001
 -0.021264  -0.000000  -0.000000
  0.002244  -0.000000  -0.000000
  0.000286  -0.000000  -0.000000
  0.008370   0.000000  -0.000000
  0.002308   0.000000  -0.000000
  0.001622  -0.000000  -0.000000
    7    2  0.0000  0.0150  0.0000
 -0.000000   0.028082   0.004111
 -0.000000   0.000503   0.004437
 -0.000000  -0.001170  -0.002677
  0.000000  -0.010580  -0.003594
  0.000000  -0.003482  -0.001494
 -0.000000   0.005586  -0.000712
  0.000000  -0.067381   0.003287
 -0.000000  -0.000053   0.001247
  0.000000   0.001570  -0.000401
 -0.000000   0.042922   0.001168
 -0.000000   0.002486  -0.019748
  0.000000   0.001518   0.014376
    7    3  0.0000  0.0000  0.0150
  0.000000  -0.006613   0.010925
  0.000000   0.001886   0.002643
  0.000000  -0.000725   0.001294
  0.000000   0.003071   0.007074
  0.000000  -0.000276   0.003577
 -0.000000  -0.000001   0.027643
 -0.000000   0.003285  -0.047934
 -0.000000  -0.001247   0.005738
 -0.000000   0.000401   0.000308
 -0.000000   0.001168  -0.004539
  0.000000  -0.011117  -0.003534
  0.000000   0.010169  -0.003196
    8    1  0.0150  0.0000  0.0000
 -0.001439  -0.000000  -0.000000
  0.015965   0.000000  -0.000000
 -0.008973  -0.000000  -0.000000
 -0.000561  -0.000000  -0.000000
 -0.000560   0.000000   0.000000
  0.002005  -0.000000   0.000000
  0.002244  -0.000000   0.000000
 -0.021265  -0.000000  -0.000000
  0.008370   0.000000   0.000000
  0.000286  -0.000000   0.000000
  0.002308   0.000000   0.000000
  0.001622  -0.000000  -0.000000
    8    2  0.0000  0.0150  0.0000
 -0.000000   0.000503  -0.004437
  0.000000   0.028082  -0.004111
 -0.000000  -0.010580   0.003594
  0.000000  -0.001170   0.002677
  0.000000  -0.003482   0.001494
 -0.000000   0.005586   0.000712
  0.000000  -0.000053  -0.001247
 -0.000000  -0.067381  -0.003287
 -0.000000   0.042922  -0.001168
  0.000000   0.001570   0.000401
  0.000000   0.002486   0.019748
  0.000000   0.001518  -0.014376
    8    3  0.0000  0.0000  0.0150
  0.000000  -0.001886   0.002643
  0.000000   0.006613   0.010925
  0.000000  -0.003071   0.007075
  0.000000   0.000726   0.001295
  0.000000   0.000276   0.003577
 -0.000000   0.000001   0.027642
 -0.000000   0.001248   0.005738
 -0.000000  -0.003285  -0.047934
 -0.000000  -0.001168  -0.004540
 -0.000000  -0.000401   0.000308
  0.000000   0.011117  -0.003533
  0.000000  -0.010168  -0.003196
    9    1  0.0150  0.0000  0.0000
 -0.000561  -0.000000  -0.000000
 -0.008973  -0.000000   0.000000
  0.015965  -0.000000  -0.000000
 -0.001439  -0.000000  -0.000000
  0.002005  -0.000000   0.000000
 -0.000560   0.000000   0.000000
  0.000286  -0.000000  -0.000000
  0.008370   0.000000   0.000000
 -0.021265  -0.000000   0.000000
  0.002244  -0.000000  -0.000000
  0.001622  -0.000000  -0.000000
  0.002308   0.000000   0.000000
    9    2  0.0000  0.0150  0.0000
 -0.000000  -0.001170   0.002677
  0.000000  -0.010580   0.003594
 -0.000000   0.028082  -0.004111
 -0.000000   0.000503  -0.004437
 -0.000000   0.005586   0.000712
  0.000000  -0.003482   0.001494
  0.000000   0.001570   0.000401
 -0.000000   0.042922  -0.001168
  0.000000  -0.067381  -0.003287
  0.000000  -0.000053  -0.001247
  0.000000   0.001518  -0.014376
 -0.000000   0.002486   0.019748
    9    3  0.0000  0.0000  0.0150
 -0.000000   0.000726   0.001295
 -0.000000  -0.003071   0.007075
 -0.000000   0.006613   0.010925
 -0.000000  -0.001886   0.002643
  0.000000   0.000001   0.027642
 -0.000000   0.000276   0.003577
  0.000000  -0.000401   0.000308
  0.000000  -0.001168  -0.004540
  0.000000  -0.003285  -0.047934
  0.000000   0.001248   0.005738
 -0.000000  -0.010168  -0.003196
 -0.000000   0.011117  -0.003533
   10    1  0.0150  0.0000  0.0000
 -0.008973  -0.000000  -0.000000
 -0.000561  -0.000000   0.000000
 -0.001439   0.000000   0.000000
  0.015965   0.000000   0.000000
  0.002005   0.000000   0.000000
 -0.000560   0.000000   0.000001
  0.008370   0.000000  -0.000000
  0.000286  -0.000000   0.000000
  0.002244  -0.000000  -0.000000
 -0.021265  -0.000000  -0.000000
  0.001621  -0.000000  -0.000000
  0.002308   0.000000  -0.000000
   10    2  0.0000  0.0150  0.0000
 -0.000000  -0.010580  -0.003594
  0.000000  -0.001170  -0.002677
 -0.000000   0.000503   0.004437
  0.000000   0.028082   0.004111
 -0.000000   0.005586  -0.000712
  0.000000  -0.003482  -0.001494
 -0.000000   0.042922   0.001168
  0.000000   0.001570  -0.000401
  0.000000  -0.000053   0.001247
 -0.000000  -0.067381   0.003287
 -0.000000   0.001518   0.014376
  0.000000   0.002486  -0.019748
   10    3  0.0000  0.0000  0.0150
 -0.000000   0.003071   0.007074
 -0.000000  -0.000725   0.001294
 -0.000000   0.001886   0.002643
 -0.000000  -0.006613   0.010925
  0.000000  -0.000001   0.027643
 -0.000000  -0.000276   0.003577
  0.000000   0.001168  -0.004539
  0.000000   0.000401   0.000308
  0.000000  -0.001247   0.005738
  0.000000   0.003285  -0.047934
 -0.000000   0.010169  -0.003196
 -0.000000  -0.011117  -0.003534
   11    1  0.0150  0.0000  0.0000
  0.000877   0.000000   0.000000
  0.000877  -0.000000  -0.000001
 -0.000288   0.000000  -0.000000
 -0.000288   0.000000   0.000000
  0.012429  -0.000000   0.000000
  0.007169   0.000000   0.000000
  0.002306   0.000000  -0.000000
  0.002306   0.000000   0.000000
  0.001620  -0.000000   0.000000
  0.001620  -0.000000  -0.000000
 -0.033247  -0.000000  -0.000000
  0.004620   0.000000  -0.000000
   11    2  0.0000  0.0150  0.0000
  0.000001   0.004866  -0.001043
  0.000001   0.004866   0.001043
  0.000000  -0.004054   0.000264
  0.000000  -0.004054  -0.000264
 -0.000003   0.011783   0.000000
 -0.000002   0.006251   0.000000
  0.000000   0.002485  -0.011116
  0.000000   0.002485   0.011116
  0.000000   0.001518  -0.010167
  0.000000   0.001518   0.010167
  0.000001  -0.065193  -0.000000
  0.000001   0.037529   0.000000
   11    3  0.0000  0.0000  0.0150
 -0.000000   0.003016   0.025017
 -0.000000  -0.003016   0.025017
  0.000000  -0.000218   0.007224
  0.000000   0.000218   0.007224
  0.000000   0.000000   0.019644
 -0.000000   0.000000   0.021818
  0.000000  -0.019749  -0.003533
  0.000000   0.019749  -0.003533
 -0.000000  -0.014377  -0.003195
 -0.000000   0.014377  -0.003195
 -0.000000  -0.000000  -0.080551
  0.000000   0.000000  -0.011936
   12    1  0.0150  0.0000  0.0000
 -0.000288   0.000000   0.000000
 -0.000288   0.000000   0.000000
  0.000876  -0.000000  -0.000000
  0.000876  -0.000000   0.000001
  0.007169   0.000000  -0.000001
  0.012430  -0.000000  -0.000001
  0.001620  -0.000000  -0.000000
  0.001620   0.000000   0.000000
  0.002306   0.000000   0.000000
  0.002306   0.000000  -0.000000
  0.004620   0.000000  -0.000000
 -0.033247  -0.000000  -0.000000
   12    2  0.0000  0.0150  0.0000
 -0.000000  -0.004057  -0.000264
 -0.000000  -0.004057   0.000264
 -0.000000   0.004867   0.001044
 -0.000000   0.004867  -0.001044
  0.000001   0.006255  -0.000000
  0.000001   0.011787  -0.000000
 -0.000000   0.001517   0.010167
 -0.000000   0.001517  -0.010167
 -0.000000   0.002485   0.011116
 -0.000000   0.002485  -0.011116
 -0.000000   0.037530   0.000000
 -0.000000  -0.065196   0.000000
   12    3  0.0000  0.0000  0.0150
 -0.000000   0.000218   0.007224
 -0.000000  -0.000218   0.007224
  0.000000  -0.003016   0.025017
  0.000000   0.003016   0.025017
  0.000000   0.000000   0.021818
 -0.000000   0.000000   0.019644
  0.000000   0.014377  -0.003195
  0.000000  -0.014377  -0.003195
 -0.000000   0.019749  -0.003533
 -0.000000  -0.019749  -0.003533
  0.000000   0.000000  -0.011936
 -0.000000  -0.000000  -0.080551
