 &plot nbnd=  71, nks=    81 /
            0.000000  0.000000  0.000000
 -197.533 -197.358 -197.358 -143.187 -143.187 -137.015 -136.985 -136.985 -136.839 -136.838
 -136.803 -136.803 -136.800 -136.800  -81.215  -81.215  -81.215  -81.215  -81.209  -81.209
  -37.189  -37.180  -37.180  -37.150  -37.150  -36.999  -36.998  -36.989  -36.989  -36.984
  -36.984  -36.955  -36.955  -36.950  -36.950  -12.493  -12.493  -12.491  -12.491  -12.481
  -12.478  -12.470  -12.470  -12.467  -12.467   -3.859   -2.609   -2.525    0.712    1.450
    8.238    8.252    8.577    8.577    9.013    9.013    9.722    9.722   10.659   10.769
   11.760   11.760   13.029   13.313   13.313   16.239   16.794   17.446   17.446   17.622
   18.195
            0.000000  0.000000  0.010836
 -197.533 -197.358 -197.358 -143.187 -143.187 -137.016 -136.985 -136.985 -136.840 -136.839
 -136.804 -136.804 -136.801 -136.801  -81.215  -81.215  -81.215  -81.215  -81.209  -81.209
  -37.189  -37.182  -37.182  -37.151  -37.151  -37.000  -36.998  -36.991  -36.991  -36.986
  -36.986  -36.956  -36.956  -36.951  -36.951  -12.493  -12.493  -12.491  -12.491  -12.481
  -12.478  -12.470  -12.470  -12.467  -12.467   -3.858   -2.631   -2.503    0.706    1.455
    8.191    8.299    8.577    8.577    9.013    9.013    9.721    9.721   10.630   10.798
   11.762   11.762   13.027   13.311   13.311   16.236   16.794   17.442   17.442   17.631
   18.201
            0.000000  0.000000  0.021672
 -197.533 -197.358 -197.358 -143.187 -143.187 -137.016 -136.986 -136.986 -136.841 -136.838
 -136.804 -136.804 -136.801 -136.801  -81.215  -81.215  -81.215  -81.215  -81.209  -81.209
  -37.188  -37.184  -37.184  -37.151  -37.151  -37.001  -36.994  -36.994  -36.994  -36.987
  -36.987  -36.956  -36.956  -36.951  -36.951  -12.493  -12.493  -12.491  -12.491  -12.481
  -12.478  -12.470  -12.470  -12.467  -12.467   -3.857   -2.672   -2.460    0.690    1.469
    8.140    8.353    8.576    8.576    9.016    9.016    9.717    9.717   10.577   10.853
   11.768   11.768   13.020   13.304   13.304   16.228   16.797   17.431   17.431   17.656
   18.219
            0.000000  0.000000  0.032509
 -197.533 -197.358 -197.358 -143.187 -143.187 -137.016 -136.986 -136.986 -136.841 -136.838
 -136.804 -136.804 -136.801 -136.801  -81.215  -81.215  -81.215  -81.215  -81.209  -81.209
  -37.188  -37.184  -37.184  -37.151  -37.151  -37.001  -36.994  -36.994  -36.994  -36.987
  -36.987  -36.956  -36.956  -36.951  -36.951  -12.493  -12.493  -12.491  -12.491  -12.481
  -12.478  -12.470  -12.470  -12.467  -12.467   -3.854   -2.716   -2.414    0.665    1.490
    8.090    8.407    8.575    8.575    9.020    9.020    9.712    9.712   10.518   10.914
   11.777   11.777   13.010   13.294   13.294   16.215   16.802   17.415   17.415   17.696
   18.247
            0.000000  0.000000  0.043345
 -197.533 -197.358 -197.358 -143.187 -143.187 -137.016 -136.986 -136.986 -136.841 -136.838
 -136.804 -136.804 -136.801 -136.801  -81.215  -81.215  -81.215  -81.215  -81.209  -81.209
  -37.188  -37.184  -37.184  -37.151  -37.151  -37.001  -36.995  -36.994  -36.994  -36.987
  -36.987  -36.956  -36.956  -36.951  -36.951  -12.493  -12.493  -12.491  -12.491  -12.481
  -12.478  -12.470  -12.470  -12.467  -12.467   -3.850   -2.760   -2.366    0.633    1.517
    8.041    8.462    8.574    8.574    9.025    9.025    9.704    9.704   10.458   10.977
   11.791   11.791   12.996   13.280   13.280   16.198   16.811   17.394   17.394   17.750
   18.284
            0.000000  0.000000  0.054181
 -197.533 -197.358 -197.358 -143.187 -143.187 -137.016 -136.986 -136.986 -136.842 -136.837
 -136.804 -136.804 -136.801 -136.801  -81.215  -81.215  -81.215  -81.215  -81.209  -81.209
  -37.188  -37.184  -37.184  -37.151  -37.151  -37.003  -36.994  -36.994  -36.994  -36.986
  -36.986  -36.956  -36.956  -36.951  -36.951  -12.493  -12.493  -12.491  -12.491  -12.481
  -12.478  -12.470  -12.470  -12.467  -12.467   -3.845   -2.804   -2.317    0.595    1.549
    7.994    8.517    8.572    8.572    9.031    9.031    9.694    9.694   10.398   11.040
   11.808   11.808   12.978   13.263   13.263   16.177   16.824   17.371   17.371   17.816
   18.330
            0.000000  0.000000  0.065017
 -197.533 -197.358 -197.358 -143.187 -143.187 -137.016 -136.986 -136.986 -136.841 -136.838
 -136.804 -136.804 -136.801 -136.801  -81.215  -81.215  -81.215  -81.215  -81.209  -81.209
  -37.188  -37.184  -37.184  -37.152  -37.152  -37.002  -36.994  -36.993  -36.993  -36.988
  -36.988  -36.956  -36.956  -36.952  -36.952  -12.493  -12.493  -12.491  -12.491  -12.481
  -12.478  -12.470  -12.470  -12.467  -12.467   -3.839   -2.847   -2.269    0.552    1.584
    7.949    8.571    8.571    8.572    9.039    9.039    9.683    9.683   10.339   11.104
   11.828   11.828   12.957   13.242   13.242   16.155   16.841   17.345   17.345   17.891
   18.381
            0.000000  0.000000  0.075854
 -197.533 -197.358 -197.358 -143.187 -143.187 -137.015 -136.986 -136.986 -136.840 -136.837
 -136.804 -136.804 -136.801 -136.801  -81.215  -81.215  -81.215  -81.215  -81.209  -81.209
  -37.186  -37.183  -37.183  -37.151  -37.151  -36.999  -36.993  -36.991  -36.991  -36.987
  -36.987  -36.956  -36.956  -36.952  -36.952  -12.493  -12.493  -12.491  -12.491  -12.481
  -12.478  -12.470  -12.470  -12.467  -12.467   -3.833   -2.889   -2.221    0.508    1.619
    7.905    8.569    8.569    8.628    9.048    9.048    9.670    9.670   10.281   11.168
   11.851   11.851   12.932   13.218   13.218   16.131   16.864   17.318   17.318   17.972
   18.439
            0.000000  0.000000  0.086690
 -197.533 -197.358 -197.358 -143.187 -143.187 -137.015 -136.986 -136.986 -136.839 -136.837
 -136.804 -136.804 -136.801 -136.801  -81.215  -81.215  -81.215  -81.215  -81.209  -81.209
  -37.186  -37.183  -37.183  -37.151  -37.151  -36.999  -36.993  -36.991  -36.991  -36.987
  -36.987  -36.956  -36.956  -36.952  -36.952  -12.493  -12.493  -12.491  -12.491  -12.481
  -12.478  -12.470  -12.470  -12.467  -12.467   -3.825   -2.929   -2.174    0.462    1.656
    7.864    8.567    8.567    8.683    9.057    9.057    9.656    9.656   10.223   11.232
   11.877   11.877   12.904   13.191   13.191   16.107   16.891   17.292   17.292   18.057
   18.502
            0.000000  0.000000  0.097526
 -197.533 -197.358 -197.358 -143.187 -143.187 -137.015 -136.986 -136.986 -136.840 -136.838
 -136.803 -136.803 -136.801 -136.801  -81.215  -81.215  -81.215  -81.215  -81.209  -81.209
  -37.187  -37.183  -37.183  -37.151  -37.151  -36.999  -36.994  -36.991  -36.991  -36.987
  -36.987  -36.955  -36.955  -36.952  -36.952  -12.493  -12.493  -12.491  -12.491  -12.481
  -12.478  -12.470  -12.470  -12.467  -12.467   -3.817   -2.967   -2.129    0.415    1.691
    7.825    8.566    8.566    8.738    9.068    9.068    9.640    9.640   10.165   11.295
   11.905   11.905   12.874   13.162   13.162   16.083   16.924   17.266   17.266   18.139
   18.569
            0.000000  0.000000  0.108362
 -197.533 -197.358 -197.358 -143.187 -143.187 -137.014 -136.985 -136.985 -136.839 -136.837
 -136.802 -136.802 -136.801 -136.801  -81.215  -81.215  -81.215  -81.215  -81.209  -81.209
  -37.185  -37.181  -37.181  -37.150  -37.150  -36.997  -36.994  -36.989  -36.989  -36.986
  -36.986  -36.954  -36.954  -36.951  -36.951  -12.493  -12.493  -12.491  -12.491  -12.481
  -12.478  -12.470  -12.470  -12.467  -12.467   -3.807   -3.004   -2.085    0.369    1.726
    7.789    8.564    8.564    8.793    9.080    9.080    9.624    9.624   10.109   11.357
   11.934   11.934   12.841   13.131   13.131   16.060   16.961   17.242   17.242   18.205
   18.603
            0.000000  0.000000  0.119199
 -197.533 -197.358 -197.358 -143.187 -143.187 -137.013 -136.985 -136.985 -136.838 -136.836
 -136.802 -136.802 -136.801 -136.801  -81.215  -81.215  -81.215  -81.215  -81.209  -81.209
  -37.183  -37.180  -37.180  -37.150  -37.150  -36.994  -36.992  -36.987  -36.987  -36.986
  -36.986  -36.953  -36.953  -36.951  -36.951  -12.493  -12.493  -12.491  -12.491  -12.481
  -12.478  -12.470  -12.470  -12.467  -12.467   -3.798   -3.039   -2.042    0.324    1.758
    7.756    8.562    8.562    8.846    9.092    9.092    9.608    9.608   10.054   11.418
   11.965   11.965   12.806   13.099   13.099   16.039   17.003   17.219   17.219   18.230
   18.592
            0.000000  0.000000  0.130035
 -197.533 -197.358 -197.358 -143.187 -143.187 -137.013 -136.984 -136.984 -136.837 -136.835
 -136.802 -136.802 -136.800 -136.800  -81.215  -81.215  -81.215  -81.215  -81.209  -81.209
  -37.182  -37.179  -37.179  -37.149  -37.149  -36.994  -36.990  -36.987  -36.987  -36.985
  -36.985  -36.952  -36.952  -36.950  -36.950  -12.493  -12.493  -12.491  -12.491  -12.481
  -12.478  -12.470  -12.470  -12.467  -12.467   -3.788   -3.071   -2.003    0.282    1.789
    7.725    8.561    8.561    8.899    9.105    9.105    9.591    9.591   10.001   11.478
   11.997   11.997   12.770   13.066   13.066   16.020   17.049   17.197   17.197   18.199
   18.641
            0.000000  0.000000  0.140871
 -197.533 -197.358 -197.358 -143.187 -143.187 -137.012 -136.984 -136.984 -136.836 -136.836
 -136.801 -136.801 -136.800 -136.800  -81.215  -81.215  -81.215  -81.215  -81.209  -81.209
  -37.183  -37.178  -37.178  -37.148  -37.148  -36.994  -36.992  -36.986  -36.986  -36.983
  -36.983  -36.952  -36.952  -36.949  -36.949  -12.493  -12.493  -12.491  -12.491  -12.481
  -12.478  -12.470  -12.470  -12.467  -12.467   -3.778   -3.101   -1.966    0.242    1.816
    7.698    8.559    8.559    8.950    9.117    9.117    9.575    9.575    9.949   11.534
   12.029   12.029   12.733   13.033   13.033   16.003   17.100   17.178   17.178   18.133
   18.728
            0.000000  0.000000  0.151707
 -197.533 -197.358 -197.358 -143.187 -143.187 -137.013 -136.984 -136.984 -136.836 -136.836
 -136.801 -136.801 -136.800 -136.800  -81.215  -81.215  -81.215  -81.215  -81.209  -81.209
  -37.183  -37.178  -37.178  -37.149  -37.149  -36.994  -36.992  -36.986  -36.986  -36.983
  -36.983  -36.952  -36.952  -36.949  -36.949  -12.493  -12.493  -12.491  -12.491  -12.481
  -12.478  -12.470  -12.470  -12.467  -12.467   -3.769   -3.128   -1.933    0.206    1.841
    7.673    8.558    8.558    8.998    9.129    9.129    9.559    9.559    9.899   11.588
   12.060   12.060   12.695   13.001   13.001   15.988   17.155   17.161   17.161   18.054
   18.828
            0.000000  0.000000  0.162544
 -197.533 -197.358 -197.358 -143.187 -143.187 -137.013 -136.984 -136.984 -136.837 -136.835
 -136.801 -136.801 -136.800 -136.800  -81.215  -81.215  -81.215  -81.215  -81.209  -81.209
  -37.181  -37.180  -37.180  -37.148  -37.148  -36.994  -36.989  -36.988  -36.988  -36.984
  -36.984  -36.951  -36.951  -36.949  -36.949  -12.493  -12.493  -12.491  -12.491  -12.481
  -12.478  -12.470  -12.470  -12.467  -12.467   -3.760   -3.152   -1.903    0.174    1.862
    7.653    8.557    8.557    9.043    9.140    9.140    9.544    9.544    9.853   11.638
   12.089   12.089   12.660   12.971   12.971   15.975   17.147   17.147   17.213   17.971
   18.923
            0.000000  0.000000  0.173380
 -197.533 -197.358 -197.358 -143.187 -143.187 -137.013 -136.984 -136.984 -136.837 -136.835
 -136.801 -136.801 -136.800 -136.800  -81.215  -81.215  -81.215  -81.215  -81.209  -81.209
  -37.182  -37.179  -37.179  -37.148  -37.148  -36.994  -36.989  -36.987  -36.987  -36.984
  -36.984  -36.950  -36.950  -36.949  -36.949  -12.493  -12.493  -12.491  -12.491  -12.480
  -12.478  -12.470  -12.470  -12.467  -12.467   -3.752   -3.172   -1.879    0.147    1.880
    7.636    8.556    8.556    9.085    9.150    9.150    9.531    9.531    9.811   11.682
   12.115   12.115   12.627   12.944   12.944   15.965   17.135   17.135   17.275   17.886
   18.973
            0.000000  0.000000  0.184216
 -197.533 -197.358 -197.358 -143.187 -143.187 -137.014 -136.984 -136.984 -136.838 -136.836
 -136.801 -136.801 -136.800 -136.800  -81.215  -81.215  -81.215  -81.215  -81.209  -81.209
  -37.182  -37.180  -37.180  -37.148  -37.148  -36.995  -36.990  -36.989  -36.989  -36.985
  -36.985  -36.951  -36.951  -36.949  -36.949  -12.493  -12.493  -12.491  -12.491  -12.480
  -12.478  -12.470  -12.470  -12.467  -12.467   -3.745   -3.189   -1.859    0.125    1.894
    7.622    8.555    8.555    9.120    9.159    9.159    9.520    9.520    9.774   11.719
   12.138   12.138   12.599   12.920   12.920   15.957   17.126   17.126   17.342   17.802
   18.975
            0.000000  0.000000  0.195052
 -197.533 -197.358 -197.358 -143.187 -143.187 -137.016 -136.985 -136.985 -136.840 -136.838
 -136.802 -136.802 -136.801 -136.801  -81.215  -81.215  -81.215  -81.215  -81.209  -81.209
  -37.184  -37.184  -37.184  -37.150  -37.150  -36.996  -36.992  -36.992  -36.992  -36.990
  -36.990  -36.952  -36.952  -36.951  -36.951  -12.493  -12.493  -12.491  -12.491  -12.480
  -12.478  -12.470  -12.470  -12.467  -12.467   -3.740   -3.201   -1.844    0.108    1.904
    7.612    8.554    8.554    9.146    9.165    9.165    9.511    9.511    9.745   11.747
   12.155   12.155   12.576   12.903   12.903   15.951   17.119   17.119   17.410   17.718
   18.966
            0.000000  0.000000  0.205889
 -197.533 -197.358 -197.358 -143.187 -143.187 -137.015 -136.985 -136.985 -136.840 -136.838
 -136.802 -136.802 -136.801 -136.801  -81.215  -81.215  -81.215  -81.215  -81.209  -81.209
  -37.184  -37.184  -37.183  -37.150  -37.150  -36.994  -36.992  -36.992  -36.992  -36.990
  -36.990  -36.952  -36.952  -36.951  -36.951  -12.493  -12.493  -12.491  -12.491  -12.480
  -12.478  -12.470  -12.470  -12.467  -12.467   -3.736   -3.208   -1.835    0.099    1.910
    7.606    8.554    8.554    9.165    9.169    9.169    9.505    9.505    9.727   11.765
   12.166   12.166   12.562   12.891   12.891   15.948   17.115   17.115   17.482   17.638
   18.958
            0.000000  0.000000  0.216725
 -197.533 -197.358 -197.358 -143.187 -143.187 -137.014 -136.985 -136.985 -136.839 -136.836
 -136.802 -136.802 -136.801 -136.801  -81.215  -81.215  -81.215  -81.215  -81.209  -81.209
  -37.183  -37.183  -37.182  -37.149  -37.149  -36.994  -36.990  -36.990  -36.989  -36.989
  -36.989  -36.951  -36.951  -36.951  -36.951  -12.493  -12.493  -12.491  -12.491  -12.480
  -12.478  -12.470  -12.470  -12.467  -12.467   -3.735   -3.211   -1.832    0.095    1.912
    7.605    8.554    8.554    9.170    9.170    9.171    9.504    9.504    9.721   11.772
   12.170   12.170   12.557   12.888   12.888   15.947   17.113   17.113   17.545   17.573
   18.956
            0.000000 -0.028868  0.213113
 -197.533 -197.358 -197.358 -143.187 -143.187 -137.015 -136.986 -136.986 -136.839 -136.837
 -136.803 -136.802 -136.802 -136.802  -81.215  -81.215  -81.215  -81.215  -81.209  -81.209
  -37.184  -37.184  -37.183  -37.152  -37.151  -36.996  -36.993  -36.991  -36.990  -36.990
  -36.988  -36.956  -36.953  -36.953  -36.953  -12.493  -12.493  -12.491  -12.491  -12.480
  -12.478  -12.470  -12.470  -12.467  -12.467   -3.730   -3.205   -1.830    0.097    1.903
    7.609    8.527    8.544    8.991    9.101    9.128    9.540    9.660    9.811   11.731
   12.031   12.147   12.685   12.921   12.943   15.960   17.030   17.128   17.555   17.611
   18.973
            0.000000 -0.057735  0.209501
 -197.533 -197.358 -197.358 -143.187 -143.187 -137.014 -136.986 -136.986 -136.839 -136.837
 -136.803 -136.803 -136.803 -136.802  -81.215  -81.215  -81.215  -81.215  -81.209  -81.209
  -37.185  -37.183  -37.182  -37.153  -37.152  -36.996  -36.994  -36.990  -36.989  -36.989
  -36.987  -36.956  -36.954  -36.954  -36.953  -12.493  -12.492  -12.491  -12.490  -12.480
  -12.478  -12.471  -12.470  -12.467  -12.467   -3.715   -3.190   -1.824    0.103    1.874
    7.620    8.419    8.516    8.742    8.970    9.039    9.612    9.869    9.990   11.635
   11.823   12.095   12.863   13.009   13.102   15.999   16.858   17.172   17.535   17.694
   19.006
            0.000000 -0.086603  0.205889
 -197.533 -197.358 -197.358 -143.187 -143.187 -137.014 -136.987 -136.986 -136.838 -136.837
 -136.805 -136.803 -136.802 -136.802  -81.215  -81.215  -81.215  -81.215  -81.209  -81.209
  -37.185  -37.182  -37.181  -37.154  -37.152  -36.996  -36.993  -36.990  -36.989  -36.988
  -36.987  -36.958  -36.955  -36.955  -36.954  -12.493  -12.492  -12.491  -12.490  -12.480
  -12.477  -12.471  -12.471  -12.468  -12.467   -3.689   -3.163   -1.815    0.112    1.826
    7.639    8.185    8.466    8.552    8.861    8.944    9.682   10.036   10.123   11.541
   11.680   12.038   13.010   13.126   13.304   16.062   16.669   17.245   17.462   17.767
   18.906
            0.000000 -0.115470  0.202277
 -197.533 -197.358 -197.358 -143.187 -143.187 -137.013 -136.986 -136.986 -136.838 -136.836
 -136.805 -136.803 -136.802 -136.801  -81.215  -81.215  -81.215  -81.215  -81.209  -81.209
  -37.183  -37.182  -37.181  -37.154  -37.151  -36.995  -36.991  -36.989  -36.989  -36.989
  -36.986  -36.959  -36.954  -36.952  -36.952  -12.494  -12.492  -12.490  -12.489  -12.479
  -12.477  -12.472  -12.471  -12.468  -12.467   -3.653   -3.127   -1.802    0.124    1.761
    7.665    7.885    8.375    8.392    8.802    8.859    9.732   10.025   10.245   11.442
   11.716   11.996   13.136   13.254   13.488   16.136   16.499   17.323   17.348   17.838
   18.734
            0.000000 -0.144338  0.198664
 -197.533 -197.358 -197.358 -143.187 -143.187 -137.013 -136.986 -136.986 -136.838 -136.836
 -136.804 -136.803 -136.802 -136.801  -81.215  -81.215  -81.215  -81.215  -81.209  -81.209
  -37.183  -37.182  -37.182  -37.154  -37.150  -36.994  -36.991  -36.989  -36.989  -36.989
  -36.987  -36.959  -36.954  -36.953  -36.952  -12.494  -12.492  -12.489  -12.487  -12.478
  -12.476  -12.472  -12.471  -12.469  -12.467   -3.606   -3.081   -1.786    0.138    1.678
    7.571    7.698    8.187    8.296    8.774    8.792    9.752    9.836   10.347   11.363
   11.918   11.978   13.242   13.382   13.625   16.138   16.435   17.141   17.480   17.901
   18.609
            0.000000 -0.173205  0.195052
 -197.533 -197.358 -197.358 -143.187 -143.187 -137.013 -136.986 -136.985 -136.838 -136.836
 -136.804 -136.803 -136.802 -136.801  -81.215  -81.215  -81.215  -81.215  -81.209  -81.209
  -37.184  -37.182  -37.181  -37.153  -37.151  -36.995  -36.992  -36.989  -36.988  -36.987
  -36.986  -36.958  -36.954  -36.952  -36.952  -12.495  -12.492  -12.488  -12.486  -12.478
  -12.476  -12.473  -12.472  -12.470  -12.467   -3.551   -3.025   -1.769    0.155    1.579
    7.267    7.734    7.996    8.184    8.739    8.762    9.568    9.742   10.372   11.355
   11.988   12.196   13.321   13.500   13.709   16.002   16.541   16.949   17.639   17.935
   18.556
            0.000000 -0.202073  0.191440
 -197.533 -197.358 -197.358 -143.187 -143.187 -137.013 -136.985 -136.985 -136.838 -136.836
 -136.803 -136.802 -136.801 -136.801  -81.215  -81.215  -81.215  -81.215  -81.209  -81.209
  -37.183  -37.182  -37.180  -37.151  -37.150  -36.995  -36.992  -36.990  -36.987  -36.987
  -36.985  -36.957  -36.953  -36.951  -36.951  -12.496  -12.493  -12.486  -12.484  -12.477
  -12.476  -12.472  -12.472  -12.471  -12.467   -3.486   -2.959   -1.750    0.172    1.466
    6.975    7.771    7.808    8.064    8.697    8.756    9.274    9.705   10.314   11.423
   12.025   12.500   13.371   13.604   13.746   15.824   16.690   16.801   17.826   17.939
   18.575
            0.000000 -0.230940  0.187828
 -197.533 -197.358 -197.358 -143.187 -143.187 -137.014 -136.986 -136.986 -136.838 -136.837
 -136.803 -136.803 -136.802 -136.801  -81.215  -81.215  -81.215  -81.215  -81.209  -81.209
  -37.185  -37.182  -37.181  -37.153  -37.151  -36.996  -36.994  -36.989  -36.988  -36.988
  -36.986  -36.957  -36.954  -36.953  -36.952  -12.497  -12.494  -12.484  -12.482  -12.478
  -12.475  -12.472  -12.472  -12.471  -12.467   -3.412   -2.885   -1.730    0.189    1.340
    6.701    7.624    7.809    7.942    8.662    8.735    9.000    9.643   10.202   11.537
   12.084   12.786   13.402   13.691   13.749   15.632   16.605   16.955   17.944   18.037
   18.646
            0.000000 -0.259808  0.184216
 -197.533 -197.358 -197.358 -143.187 -143.187 -137.014 -136.987 -136.985 -136.838 -136.837
 -136.804 -136.803 -136.803 -136.801  -81.215  -81.215  -81.215  -81.215  -81.209  -81.209
  -37.185  -37.182  -37.181  -37.153  -37.152  -36.996  -36.995  -36.989  -36.989  -36.988
  -36.986  -36.955  -36.955  -36.954  -36.954  -12.498  -12.494  -12.482  -12.480  -12.479
  -12.475  -12.472  -12.472  -12.470  -12.467   -3.330   -2.802   -1.712    0.205    1.204
    6.448    7.449    7.823    7.834    8.594    8.632    8.869    9.565   10.066   11.664
   12.158   12.983   13.468   13.739   13.757   15.434   16.497   17.197   17.975   18.274
   18.758
            0.000000 -0.288675  0.180604
 -197.533 -197.358 -197.358 -143.187 -143.187 -137.014 -136.988 -136.985 -136.838 -136.837
 -136.805 -136.804 -136.802 -136.802  -81.215  -81.215  -81.215  -81.215  -81.209  -81.209
  -37.186  -37.183  -37.182  -37.153  -37.153  -36.997  -36.995  -36.990  -36.990  -36.989
  -36.988  -36.957  -36.957  -36.954  -36.954  -12.499  -12.495  -12.480  -12.480  -12.478
  -12.475  -12.473  -12.471  -12.469  -12.467   -3.240   -2.711   -1.696    0.218    1.059
    6.220    7.282    7.710    7.826    8.372    8.607    8.871    9.475    9.923   11.786
   12.240   13.014   13.592   13.778   13.804   15.235   16.425   17.465   18.045   18.533
   18.905
            0.000000 -0.317543  0.176992
 -197.533 -197.358 -197.358 -143.187 -143.187 -137.014 -136.988 -136.986 -136.839 -136.837
 -136.806 -136.803 -136.803 -136.802  -81.215  -81.215  -81.215  -81.215  -81.209  -81.209
  -37.187  -37.183  -37.182  -37.154  -37.154  -36.998  -36.996  -36.989  -36.989  -36.989
  -36.988  -36.958  -36.958  -36.955  -36.954  -12.500  -12.496  -12.481  -12.479  -12.476
  -12.476  -12.472  -12.470  -12.467  -12.467   -3.144   -2.614   -1.683    0.226    0.910
    6.017    7.125    7.603    7.732    8.229    8.587    8.904    9.380    9.783   11.887
   12.325   12.940   13.609   13.831   13.986   15.040   16.389   17.752   18.157   18.812
   19.080
            0.000000 -0.346410  0.173380
 -197.533 -197.358 -197.358 -143.187 -143.187 -137.015 -136.989 -136.986 -136.839 -136.838
 -136.807 -136.804 -136.803 -136.802  -81.215  -81.215  -81.215  -81.215  -81.209  -81.209
  -37.188  -37.183  -37.183  -37.155  -37.154  -36.999  -36.996  -36.990  -36.990  -36.989
  -36.989  -36.960  -36.959  -36.955  -36.954  -12.501  -12.497  -12.482  -12.478  -12.477
  -12.475  -12.472  -12.469  -12.467  -12.466   -3.043   -2.512   -1.676    0.227    0.761
    5.843    6.979    7.506    7.541    8.193    8.571    8.947    9.282    9.653   11.957
   12.410   12.834   13.579   13.842   14.243   14.856   16.386   18.047   18.315   19.107
   19.270
            0.000000 -0.375278  0.169768
 -197.533 -197.358 -197.358 -143.187 -143.187 -137.015 -136.988 -136.986 -136.839 -136.838
 -136.807 -136.804 -136.803 -136.802  -81.215  -81.215  -81.215  -81.215  -81.209  -81.209
  -37.188  -37.183  -37.182  -37.157  -37.153  -37.000  -36.997  -36.991  -36.990  -36.989
  -36.987  -36.963  -36.958  -36.956  -36.952  -12.502  -12.498  -12.484  -12.478  -12.477
  -12.474  -12.471  -12.467  -12.467  -12.465   -2.938   -2.406   -1.674    0.213    0.621
    5.698    6.844    7.316    7.418    8.210    8.560    8.987    9.187    9.545   11.979
   12.491   12.737   13.543   13.838   14.471   14.707   16.411   18.323   18.525   19.371
   19.417
            0.000000 -0.404145  0.166156
 -197.533 -197.358 -197.358 -143.187 -143.187 -137.015 -136.989 -136.987 -136.839 -136.838
 -136.807 -136.805 -136.804 -136.803  -81.215  -81.215  -81.215  -81.215  -81.209  -81.209
  -37.189  -37.183  -37.182  -37.160  -37.154  -37.000  -36.999  -36.991  -36.990  -36.989
  -36.987  -36.965  -36.959  -36.957  -36.955  -12.504  -12.499  -12.484  -12.478  -12.477
  -12.472  -12.469  -12.466  -12.466  -12.463   -2.831   -2.299   -1.678    0.174    0.505
    5.583    6.719    7.097    7.340    8.246    8.555    9.009    9.094    9.475   11.942
   12.567   12.675   13.509   13.824   14.472   14.780   16.464   18.504   18.791   19.265
   19.736
            0.000000 -0.433013  0.162544
 -197.533 -197.358 -197.358 -143.187 -143.187 -137.014 -136.990 -136.987 -136.838 -136.838
 -136.807 -136.805 -136.805 -136.803  -81.215  -81.215  -81.215  -81.215  -81.209  -81.209
  -37.189  -37.182  -37.182  -37.160  -37.155  -37.001  -36.998  -36.990  -36.989  -36.988
  -36.987  -36.965  -36.960  -36.958  -36.956  -12.505  -12.499  -12.485  -12.479  -12.477
  -12.472  -12.468  -12.466  -12.465  -12.462   -2.724   -2.195   -1.687    0.096    0.430
    5.497    6.600    6.901    7.274    8.291    8.557    8.990    9.007    9.460   11.853
   12.636   12.650   13.482   13.802   14.341   14.973   16.541   18.478   19.069   19.353
   20.016
            0.000000 -0.461880  0.158932
 -197.533 -197.358 -197.358 -143.187 -143.187 -137.014 -136.990 -136.987 -136.839 -136.838
 -136.807 -136.806 -136.804 -136.803  -81.215  -81.215  -81.215  -81.215  -81.209  -81.209
  -37.189  -37.183  -37.182  -37.160  -37.155  -37.001  -36.998  -36.990  -36.989  -36.988
  -36.988  -36.964  -36.960  -36.958  -36.957  -12.506  -12.500  -12.486  -12.480  -12.477
  -12.471  -12.467  -12.465  -12.464  -12.461   -2.620   -2.100   -1.700   -0.010    0.391
    5.439    6.484    6.742    7.219    8.340    8.567    8.927    8.933    9.494   11.736
   12.649   12.695   13.464   13.778   14.217   15.146   16.642   18.291   19.344   19.639
   20.249
            0.000000 -0.490748  0.155319
 -197.533 -197.358 -197.358 -143.187 -143.187 -137.015 -136.990 -136.987 -136.839 -136.838
 -136.807 -136.806 -136.804 -136.803  -81.215  -81.215  -81.215  -81.215  -81.209  -81.209
  -37.190  -37.183  -37.182  -37.160  -37.155  -37.001  -36.999  -36.990  -36.990  -36.989
  -36.988  -36.965  -36.960  -36.958  -36.957  -12.506  -12.500  -12.486  -12.480  -12.477
  -12.471  -12.466  -12.464  -12.464  -12.461   -2.524   -2.027   -1.707   -0.120    0.372
    5.405    6.371    6.627    7.176    8.394    8.583    8.855    8.857    9.554   11.616
   12.657   12.745   13.456   13.753   14.111   15.285   16.762   18.063   19.626   19.975
   20.468
            0.000000 -0.519615  0.151707
 -197.533 -197.358 -197.358 -143.187 -143.187 -137.014 -136.990 -136.987 -136.838 -136.837
 -136.808 -136.805 -136.804 -136.804  -81.215  -81.215  -81.215  -81.215  -81.209  -81.209
  -37.188  -37.182  -37.181  -37.161  -37.154  -36.999  -36.997  -36.990  -36.989  -36.988
  -36.987  -36.966  -36.962  -36.958  -36.955  -12.507  -12.501  -12.487  -12.481  -12.477
  -12.471  -12.465  -12.464  -12.463  -12.460   -2.442   -1.985   -1.703   -0.215    0.362
    5.390    6.272    6.553    7.145    8.451    8.606    8.778    8.790    9.613   11.514
   12.665   12.782   13.457   13.732   14.029   15.388   16.896   17.841   19.895   20.282
   20.685
            0.000000 -0.548483  0.148095
 -197.533 -197.358 -197.358 -143.187 -143.187 -137.014 -136.989 -136.987 -136.838 -136.837
 -136.807 -136.805 -136.804 -136.804  -81.215  -81.215  -81.215  -81.215  -81.209  -81.209
  -37.188  -37.182  -37.181  -37.161  -37.154  -36.999  -36.997  -36.991  -36.988  -36.987
  -36.987  -36.964  -36.962  -36.958  -36.954  -12.507  -12.501  -12.487  -12.481  -12.477
  -12.471  -12.465  -12.463  -12.463  -12.460   -2.383   -1.974   -1.688   -0.280    0.357
    5.386    6.203    6.512    7.126    8.507    8.636    8.708    8.735    9.657   11.445
   12.671   12.805   13.461   13.718   13.976   15.450   17.027   17.655   20.111   20.461
   20.960
            0.000000 -0.577350  0.144483
 -197.533 -197.358 -197.358 -143.187 -143.187 -137.013 -136.989 -136.987 -136.838 -136.836
 -136.806 -136.805 -136.804 -136.804  -81.215  -81.215  -81.215  -81.215  -81.209  -81.209
  -37.187  -37.181  -37.180  -37.161  -37.153  -36.998  -36.997  -36.988  -36.988  -36.988
  -36.986  -36.965  -36.962  -36.955  -36.954  -12.507  -12.501  -12.487  -12.481  -12.477
  -12.471  -12.464  -12.463  -12.463  -12.460   -2.362   -1.974   -1.680   -0.303    0.355
    5.385    6.179    6.499    7.119    8.539    8.660    8.672    8.702    9.673   11.420
   12.673   12.812   13.464   13.713   13.957   15.471   17.095   17.568   20.202   20.502
   21.236
            0.000000 -0.548483  0.137259
 -197.533 -197.358 -197.358 -143.187 -143.187 -137.013 -136.989 -136.987 -136.838 -136.836
 -136.806 -136.804 -136.804 -136.804  -81.215  -81.215  -81.215  -81.215  -81.209  -81.209
  -37.188  -37.181  -37.180  -37.160  -37.153  -36.999  -36.997  -36.989  -36.988  -36.987
  -36.985  -36.963  -36.961  -36.956  -36.954  -12.507  -12.501  -12.487  -12.481  -12.477
  -12.471  -12.465  -12.463  -12.463  -12.460   -2.384   -1.974   -1.686   -0.285    0.361
    5.369    6.233    6.509    7.126    8.537    8.660    8.678    8.711    9.617   11.485
   12.678   12.812   13.461   13.711   13.966   15.434   17.089   17.588   20.120   20.471
   20.946
            0.000000 -0.519615  0.130035
 -197.533 -197.358 -197.358 -143.187 -143.187 -137.015 -136.990 -136.988 -136.839 -136.838
 -136.808 -136.805 -136.805 -136.804  -81.215  -81.215  -81.215  -81.215  -81.209  -81.209
  -37.189  -37.183  -37.183  -37.161  -37.155  -37.000  -36.999  -36.991  -36.990  -36.989
  -36.989  -36.966  -36.962  -36.958  -36.956  -12.507  -12.501  -12.487  -12.481  -12.477
  -12.471  -12.465  -12.464  -12.463  -12.460   -2.446   -1.979   -1.702   -0.232    0.376
    5.336    6.372    6.542    7.143    8.532    8.662    8.696    8.731    9.474   11.653
   12.697   12.809   13.454   13.703   13.993   15.323   17.073   17.645   19.931   20.265
   20.715
            0.000000 -0.490748  0.122811
 -197.533 -197.358 -197.358 -143.187 -143.187 -137.015 -136.990 -136.987 -136.839 -136.838
 -136.807 -136.806 -136.805 -136.804  -81.215  -81.215  -81.215  -81.215  -81.209  -81.209
  -37.190  -37.184  -37.183  -37.161  -37.155  -37.001  -36.999  -36.991  -36.990  -36.990
  -36.990  -36.965  -36.961  -36.958  -36.957  -12.506  -12.500  -12.486  -12.480  -12.477
  -12.471  -12.466  -12.464  -12.464  -12.461   -2.533   -2.000   -1.720   -0.151    0.401
    5.316    6.511    6.655    7.173    8.517    8.670    8.726    8.761    9.295   11.873
   12.737   12.804   13.441   13.689   14.038   15.150   17.055   17.729   19.706   19.904
   20.574
            0.000000 -0.461880  0.115587
 -197.533 -197.358 -197.358 -143.187 -143.187 -137.015 -136.990 -136.987 -136.839 -136.838
 -136.807 -136.806 -136.805 -136.804  -81.215  -81.215  -81.215  -81.215  -81.209  -81.209
  -37.190  -37.184  -37.183  -37.160  -37.155  -37.001  -36.999  -36.991  -36.990  -36.989
  -36.988  -36.965  -36.960  -36.957  -36.956  -12.506  -12.500  -12.486  -12.480  -12.477
  -12.471  -12.467  -12.465  -12.464  -12.461   -2.637   -2.043   -1.738   -0.051    0.435
    5.328    6.582    6.895    7.214    8.481    8.687    8.766    8.798    9.126   12.091
   12.798   12.814   13.419   13.669   14.100   14.926   17.041   17.834   19.464   19.532
   20.357
            0.000000 -0.433013  0.108362
 -197.533 -197.358 -197.358 -143.187 -143.187 -137.015 -136.990 -136.988 -136.839 -136.838
 -136.808 -136.806 -136.804 -136.804  -81.215  -81.215  -81.215  -81.215  -81.209  -81.209
  -37.190  -37.183  -37.182  -37.160  -37.156  -37.001  -36.999  -36.991  -36.990  -36.989
  -36.988  -36.966  -36.960  -36.959  -36.958  -12.505  -12.499  -12.485  -12.479  -12.477
  -12.472  -12.468  -12.466  -12.465  -12.462   -2.750   -2.102   -1.759    0.058    0.479
    5.379    6.649    7.186    7.266    8.401    8.711    8.814    8.840    9.009   12.260
   12.788   12.949   13.384   13.642   14.175   14.672   17.032   17.951   19.119   19.293
   19.988
            0.000000 -0.404145  0.101138
 -197.533 -197.358 -197.358 -143.187 -143.187 -137.015 -136.989 -136.987 -136.839 -136.838
 -136.807 -136.804 -136.804 -136.804  -81.215  -81.215  -81.215  -81.215  -81.209  -81.209
  -37.190  -37.183  -37.182  -37.158  -37.155  -37.002  -36.999  -36.991  -36.990  -36.988
  -36.986  -36.963  -36.958  -36.957  -36.957  -12.504  -12.499  -12.484  -12.478  -12.477
  -12.472  -12.469  -12.466  -12.466  -12.463   -2.867   -2.169   -1.787    0.165    0.535
    5.474    6.725    7.328    7.504    8.271    8.744    8.870    8.886    8.964   12.359
   12.774   13.134   13.334   13.608   14.238   14.436   17.029   18.067   18.776   19.125
   19.625
            0.000000 -0.375278  0.093914
 -197.533 -197.358 -197.358 -143.187 -143.187 -137.015 -136.988 -136.987 -136.839 -136.838
 -136.806 -136.804 -136.803 -136.803  -81.215  -81.215  -81.215  -81.215  -81.209  -81.209
  -37.190  -37.183  -37.181  -37.157  -37.154  -37.002  -36.999  -36.991  -36.989  -36.988
  -36.986  -36.962  -36.957  -36.957  -36.955  -12.502  -12.498  -12.483  -12.478  -12.477
  -12.474  -12.471  -12.468  -12.467  -12.465   -2.985   -2.239   -1.823    0.260    0.610
    5.615    6.811    7.401    7.837    8.114    8.784    8.934    8.935    8.978   12.405
   12.754   13.236   13.335   13.569   14.113   14.434   17.028   18.121   18.530   19.009
   19.275
            0.000000 -0.346410  0.086690
 -197.533 -197.358 -197.358 -143.187 -143.187 -137.015 -136.988 -136.986 -136.839 -136.838
 -136.806 -136.803 -136.803 -136.803  -81.215  -81.215  -81.215  -81.215  -81.209  -81.209
  -37.189  -37.183  -37.181  -37.155  -37.154  -37.001  -36.998  -36.990  -36.989  -36.988
  -36.986  -36.960  -36.958  -36.955  -36.955  -12.501  -12.497  -12.482  -12.478  -12.477
  -12.475  -12.472  -12.469  -12.467  -12.466   -3.100   -2.309   -1.869    0.336    0.703
    5.798    6.906    7.482    7.959    8.170    8.831    8.987    9.006    9.035   12.415
   12.724   13.114   13.413   13.525   13.997   14.555   17.023   17.982   18.519   18.944
   18.953
            0.000000 -0.317543  0.079466
 -197.533 -197.358 -197.358 -143.187 -143.187 -137.015 -136.988 -136.986 -136.839 -136.838
 -136.805 -136.803 -136.803 -136.802  -81.215  -81.215  -81.215  -81.215  -81.209  -81.209
  -37.190  -37.183  -37.181  -37.154  -37.153  -37.001  -36.998  -36.990  -36.990  -36.988
  -36.986  -36.958  -36.956  -36.955  -36.955  -12.500  -12.496  -12.481  -12.479  -12.476
  -12.476  -12.472  -12.470  -12.467  -12.467   -3.211   -2.374   -1.922    0.395    0.811
    6.022    7.011    7.573    7.821    8.471    8.882    9.042    9.108    9.123   12.391
   12.682   12.917   13.360   13.480   14.038   14.703   16.994   17.783   18.611   18.637
   18.970
            0.000000 -0.288675  0.072242
 -197.533 -197.358 -197.358 -143.187 -143.187 -137.015 -136.988 -136.986 -136.839 -136.838
 -136.805 -136.803 -136.803 -136.802  -81.215  -81.215  -81.215  -81.215  -81.209  -81.209
  -37.188  -37.183  -37.182  -37.155  -37.153  -37.000  -36.997  -36.991  -36.990  -36.989
  -36.987  -36.958  -36.957  -36.956  -36.955  -12.499  -12.495  -12.480  -12.480  -12.478
  -12.475  -12.473  -12.471  -12.469  -12.467   -3.317   -2.435   -1.982    0.442    0.923
    6.282    7.123    7.670    7.712    8.696    8.934    9.099    9.209    9.302   12.328
   12.624   12.670   13.276   13.438   14.116   14.868   16.913   17.654   18.357   18.670
   19.066
            0.000000 -0.259808  0.065017
 -197.533 -197.358 -197.358 -143.187 -143.187 -137.016 -136.987 -136.986 -136.840 -136.840
 -136.805 -136.804 -136.804 -136.802  -81.215  -81.215  -81.215  -81.215  -81.209  -81.209
  -37.190  -37.184  -37.184  -37.154  -37.153  -37.001  -36.999  -36.992  -36.991  -36.990
  -36.989  -36.957  -36.956  -36.956  -36.954  -12.498  -12.494  -12.482  -12.480  -12.479
  -12.475  -12.472  -12.472  -12.470  -12.467   -3.415   -2.488   -2.046    0.482    1.032
    6.572    7.238    7.641    7.774    8.825    8.984    9.161    9.318    9.560   12.209
   12.430   12.549   13.208   13.403   14.142   15.049   16.776   17.617   18.109   18.634
   19.031
            0.000000 -0.230940  0.057793
 -197.533 -197.358 -197.358 -143.187 -143.187 -137.016 -136.987 -136.986 -136.840 -136.839
 -136.804 -136.804 -136.803 -136.802  -81.215  -81.215  -81.215  -81.215  -81.209  -81.209
  -37.189  -37.184  -37.184  -37.153  -37.153  -36.999  -36.998  -36.992  -36.991  -36.990
  -36.989  -36.956  -36.955  -36.955  -36.955  -12.497  -12.494  -12.484  -12.482  -12.478
  -12.475  -12.472  -12.472  -12.471  -12.467   -3.505   -2.534   -2.113    0.519    1.131
    6.885    7.349    7.622    7.882    8.897    9.027    9.229    9.439    9.825   12.042
   12.239   12.457   13.160   13.376   14.086   15.243   16.620   17.644   17.895   18.519
   18.970
            0.000000 -0.202073  0.050569
 -197.533 -197.358 -197.358 -143.187 -143.187 -137.016 -136.987 -136.986 -136.839 -136.839
 -136.804 -136.803 -136.803 -136.802  -81.215  -81.215  -81.215  -81.215  -81.209  -81.209
  -37.188  -37.183  -37.183  -37.153  -37.152  -36.999  -36.997  -36.991  -36.990  -36.989
  -36.989  -36.956  -36.955  -36.955  -36.953  -12.496  -12.493  -12.486  -12.484  -12.477
  -12.476  -12.472  -12.472  -12.471  -12.467   -3.586   -2.571   -2.182    0.555    1.218
    7.203    7.448    7.677    7.994    8.937    9.059    9.304    9.572   10.015   11.911
   12.074   12.350   13.125   13.357   13.939   15.450   16.479   17.704   17.719   18.385
   18.876
            0.000000 -0.173205  0.043345
 -197.533 -197.358 -197.358 -143.187 -143.187 -137.015 -136.987 -136.986 -136.839 -136.839
 -136.804 -136.804 -136.803 -136.802  -81.215  -81.215  -81.215  -81.215  -81.209  -81.209
  -37.188  -37.184  -37.182  -37.154  -37.152  -37.000  -36.997  -36.992  -36.990  -36.989
  -36.987  -36.959  -36.955  -36.954  -36.954  -12.495  -12.492  -12.488  -12.486  -12.478
  -12.476  -12.473  -12.472  -12.470  -12.467   -3.657   -2.599   -2.249    0.589    1.290
    7.446    7.583    7.826    8.105    8.958    9.078    9.384    9.718   10.062   11.822
   11.993   12.235   13.097   13.343   13.714   15.665   16.372   17.582   17.778   18.251
   18.677
            0.000000 -0.144338  0.036121
 -197.533 -197.358 -197.358 -143.187 -143.187 -137.015 -136.986 -136.985 -136.839 -136.838
 -136.804 -136.802 -136.802 -136.800  -81.215  -81.215  -81.215  -81.215  -81.209  -81.209
  -37.187  -37.183  -37.180  -37.152  -37.150  -36.998  -36.996  -36.991  -36.989  -36.988
  -36.985  -36.957  -36.953  -36.952  -36.952  -12.494  -12.492  -12.489  -12.487  -12.479
  -12.476  -12.472  -12.471  -12.469  -12.467   -3.718   -2.619   -2.314    0.621    1.347
    7.566    7.771    8.088    8.216    8.968    9.085    9.466    9.876    9.960   11.648
   12.118   12.120   13.065   13.333   13.440   15.884   16.306   17.486   17.846   18.125
   18.417
            0.000000 -0.115470  0.028897
 -197.533 -197.358 -197.358 -143.187 -143.187 -137.015 -136.986 -136.985 -136.839 -136.839
 -136.804 -136.804 -136.802 -136.800  -81.215  -81.215  -81.215  -81.215  -81.209  -81.209
  -37.188  -37.183  -37.181  -37.153  -37.151  -36.999  -36.997  -36.991  -36.989  -36.988
  -36.985  -36.959  -36.955  -36.953  -36.952  -12.494  -12.492  -12.490  -12.489  -12.479
  -12.477  -12.472  -12.471  -12.468  -12.467   -3.768   -2.630   -2.374    0.650    1.389
    7.684    7.921    8.321    8.396    8.983    9.079    9.544    9.768   10.045   11.445
   12.006   12.309   12.992   13.206   13.326   16.093   16.287   17.430   17.856   18.019
   18.202
            0.000000 -0.086603  0.021672
 -197.533 -197.358 -197.358 -143.187 -143.187 -137.015 -136.986 -136.986 -136.839 -136.839
 -136.804 -136.804 -136.802 -136.801  -81.215  -81.215  -81.215  -81.215  -81.209  -81.209
  -37.189  -37.183  -37.182  -37.153  -37.153  -37.000  -36.998  -36.991  -36.990  -36.988
  -36.987  -36.958  -36.956  -36.954  -36.952  -12.493  -12.492  -12.491  -12.490  -12.480
  -12.477  -12.471  -12.471  -12.468  -12.467   -3.808   -2.632   -2.429    0.675    1.418
    7.825    8.050    8.418    8.620    9.060    9.063    9.558    9.615   10.225   11.236
   11.907   12.340   12.929   13.130   13.320   16.216   16.374   17.409   17.747   17.907
   18.138
            0.000000 -0.057735  0.014448
 -197.533 -197.358 -197.358 -143.187 -143.187 -137.016 -136.987 -136.986 -136.840 -136.840
 -136.805 -136.804 -136.802 -136.802  -81.215  -81.215  -81.215  -81.215  -81.209  -81.209
  -37.190  -37.184  -37.183  -37.154  -37.153  -37.001  -36.999  -36.992  -36.991  -36.989
  -36.989  -36.959  -36.956  -36.954  -36.953  -12.493  -12.492  -12.491  -12.490  -12.480
  -12.477  -12.471  -12.470  -12.467  -12.467   -3.836   -2.626   -2.475    0.695    1.437
    7.985    8.157    8.499    8.669    9.041    9.155    9.471    9.672   10.409   11.031
   11.828   12.116   13.002   13.161   13.316   16.236   16.559   17.416   17.606   17.772
   18.162
            0.000000 -0.028868  0.007224
 -197.533 -197.358 -197.358 -143.187 -143.187 -137.016 -136.986 -136.986 -136.840 -136.840
 -136.803 -136.803 -136.803 -136.803  -81.215  -81.215  -81.215  -81.215  -81.209  -81.209
  -37.189  -37.184  -37.183  -37.153  -37.152  -37.002  -36.997  -36.991  -36.991  -36.989
  -36.989  -36.955  -36.955  -36.955  -36.954  -12.493  -12.493  -12.491  -12.491  -12.481
  -12.478  -12.470  -12.470  -12.467  -12.467   -3.853   -2.616   -2.510    0.707    1.447
    8.144    8.233    8.555    8.622    9.022    9.066    9.628    9.709   10.575   10.855
   11.777   11.869   13.026   13.264   13.313   16.239   16.722   17.435   17.494   17.664
   18.186
            0.000000  0.000000  0.000000
 -197.533 -197.358 -197.358 -143.187 -143.187 -137.015 -136.985 -136.985 -136.839 -136.838
 -136.803 -136.803 -136.800 -136.800  -81.215  -81.215  -81.215  -81.215  -81.209  -81.209
  -37.189  -37.180  -37.180  -37.150  -37.150  -36.999  -36.998  -36.989  -36.989  -36.984
  -36.984  -36.955  -36.955  -36.950  -36.950  -12.493  -12.493  -12.491  -12.491  -12.481
  -12.478  -12.470  -12.470  -12.467  -12.467   -3.859   -2.609   -2.525    0.712    1.450
    8.238    8.252    8.577    8.577    9.013    9.013    9.722    9.722   10.659   10.769
   11.760   11.760   13.029   13.313   13.313   16.239   16.794   17.446   17.446   17.622
   18.195
           -0.025000 -0.014434  0.003612
 -197.533 -197.358 -197.358 -143.187 -143.187 -137.016 -136.986 -136.986 -136.840 -136.839
 -136.803 -136.803 -136.803 -136.803  -81.215  -81.215  -81.215  -81.215  -81.209  -81.209
  -37.189  -37.184  -37.183  -37.153  -37.152  -37.001  -36.997  -36.992  -36.991  -36.989
  -36.988  -36.955  -36.955  -36.955  -36.954  -12.493  -12.493  -12.491  -12.491  -12.481
  -12.478  -12.470  -12.470  -12.467  -12.467   -3.854   -2.608   -2.519    0.709    1.446
    8.159    8.215    8.553    8.629    9.029    9.057    9.637    9.699   10.569   10.860
   11.787   11.858   13.028   13.272   13.304   16.240   16.722   17.449   17.481   17.662
   18.210
           -0.050000 -0.028868  0.007224
 -197.533 -197.358 -197.358 -143.187 -143.187 -137.016 -136.987 -136.986 -136.840 -136.839
 -136.805 -136.804 -136.802 -136.802  -81.215  -81.215  -81.215  -81.215  -81.209  -81.209
  -37.190  -37.183  -37.183  -37.154  -37.152  -37.001  -36.999  -36.991  -36.991  -36.989
  -36.988  -36.959  -36.955  -36.955  -36.953  -12.493  -12.492  -12.491  -12.490  -12.480
  -12.477  -12.471  -12.470  -12.467  -12.467   -3.837   -2.602   -2.500    0.702    1.431
    8.007    8.113    8.493    8.709    9.068    9.147    9.476    9.638   10.365   11.071
   11.866   12.082   13.030   13.161   13.281   16.230   16.567   17.462   17.544   17.776
   18.264
           -0.075000 -0.043301  0.010836
 -197.533 -197.358 -197.358 -143.187 -143.187 -137.015 -136.986 -136.986 -136.839 -136.839
 -136.804 -136.803 -136.802 -136.801  -81.215  -81.215  -81.215  -81.215  -81.209  -81.209
  -37.189  -37.182  -37.182  -37.152  -37.152  -37.001  -36.997  -36.990  -36.989  -36.988
  -36.987  -36.957  -36.956  -36.953  -36.952  -12.493  -12.492  -12.491  -12.490  -12.480
  -12.477  -12.471  -12.471  -12.468  -12.467   -3.809   -2.591   -2.470    0.688    1.408
    7.836    7.982    8.412    8.711    9.111    9.156    9.456    9.552   10.125   11.327
   11.984   12.330   13.001   13.052   13.246   16.152   16.442   17.489   17.598   17.942
   18.351
           -0.100000 -0.057735  0.014448
 -197.533 -197.358 -197.358 -143.187 -143.187 -137.015 -136.986 -136.986 -136.840 -136.838
 -136.804 -136.804 -136.802 -136.801  -81.215  -81.215  -81.215  -81.215  -81.209  -81.209
  -37.188  -37.183  -37.182  -37.153  -37.151  -37.000  -36.997  -36.990  -36.989  -36.988
  -36.988  -36.958  -36.955  -36.953  -36.952  -12.494  -12.492  -12.490  -12.489  -12.479
  -12.477  -12.472  -12.471  -12.468  -12.467   -3.771   -2.575   -2.431    0.669    1.375
    7.662    7.839    8.319    8.540    9.136    9.160    9.464    9.589    9.882   11.592
   12.126   12.482   12.862   13.130   13.203   15.970   16.413   17.536   17.655   18.118
   18.467
           -0.125000 -0.072169  0.018060
 -197.533 -197.358 -197.358 -143.187 -143.187 -137.015 -136.986 -136.985 -136.839 -136.838
 -136.803 -136.802 -136.802 -136.800  -81.215  -81.215  -81.215  -81.215  -81.209  -81.209
  -37.187  -37.182  -37.182  -37.151  -37.150  -36.998  -36.996  -36.990  -36.989  -36.988
  -36.987  -36.956  -36.953  -36.951  -36.951  -12.494  -12.492  -12.489  -12.487  -12.479
  -12.476  -12.472  -12.471  -12.469  -12.467   -3.722   -2.553   -2.382    0.643    1.333
    7.492    7.691    8.221    8.272    9.111    9.208    9.411    9.657    9.748   11.843
   12.276   12.418   12.817   13.161   13.321   15.749   16.433   17.606   17.733   18.267
   18.611
           -0.150000 -0.086603  0.021672
 -197.533 -197.358 -197.358 -143.187 -143.187 -137.015 -136.986 -136.985 -136.839 -136.838
 -136.803 -136.802 -136.802 -136.801  -81.215  -81.215  -81.215  -81.215  -81.209  -81.209
  -37.187  -37.181  -37.181  -37.152  -37.151  -36.998  -36.995  -36.989  -36.989  -36.987
  -36.986  -36.955  -36.954  -36.953  -36.951  -12.495  -12.492  -12.488  -12.486  -12.478
  -12.476  -12.473  -12.471  -12.470  -12.467   -3.663   -2.524   -2.326    0.609    1.282
    7.329    7.540    7.985    8.122    9.022    9.205    9.411    9.509    9.887   12.011
   12.299   12.411   12.818   13.136   13.576   15.527   16.484   17.704   17.836   18.387
   18.546
           -0.175000 -0.101036  0.025285
 -197.533 -197.358 -197.358 -143.187 -143.187 -137.014 -136.986 -136.985 -136.838 -136.838
 -136.803 -136.803 -136.803 -136.802  -81.215  -81.215  -81.215  -81.215  -81.209  -81.209
  -37.187  -37.181  -37.181  -37.152  -37.152  -36.999  -36.996  -36.990  -36.988  -36.987
  -36.986  -36.956  -36.954  -36.954  -36.953  -12.496  -12.493  -12.486  -12.484  -12.477
  -12.476  -12.472  -12.472  -12.471  -12.467   -3.593   -2.491   -2.263    0.566    1.222
    7.164    7.385    7.721    8.022    8.901    9.072    9.436    9.495    9.996   11.946
   12.351   12.501   12.859   13.156   13.835   15.316   16.565   17.830   17.950   18.346
   18.517
           -0.200000 -0.115470  0.028897
 -197.533 -197.358 -197.358 -143.187 -143.187 -137.014 -136.986 -136.985 -136.839 -136.837
 -136.803 -136.803 -136.803 -136.801  -81.215  -81.215  -81.215  -81.215  -81.209  -81.209
  -37.187  -37.181  -37.181  -37.153  -37.152  -36.999  -36.995  -36.990  -36.989  -36.986
  -36.985  -36.957  -36.954  -36.954  -36.953  -12.497  -12.494  -12.484  -12.482  -12.478
  -12.475  -12.472  -12.472  -12.471  -12.467   -3.514   -2.452   -2.194    0.513    1.155
    6.980    7.235    7.505    7.925    8.771    8.884    9.467    9.534   10.055   11.812
   12.409   12.524   12.980   13.239   14.071   15.121   16.677   17.946   17.986   18.279
   18.638
           -0.225000 -0.129904  0.032509
 -197.533 -197.358 -197.358 -143.187 -143.187 -137.014 -136.987 -136.986 -136.839 -136.837
 -136.804 -136.803 -136.803 -136.802  -81.215  -81.215  -81.215  -81.215  -81.209  -81.209
  -37.188  -37.181  -37.181  -37.154  -37.153  -37.000  -36.996  -36.990  -36.989  -36.986
  -36.985  -36.957  -36.956  -36.955  -36.955  -12.498  -12.494  -12.482  -12.480  -12.479
  -12.475  -12.472  -12.472  -12.470  -12.467   -3.426   -2.410   -2.120    0.450    1.082
    6.758    7.112    7.344    7.832    8.642    8.692    9.496    9.565   10.058   11.715
   12.411   12.491   13.159   13.371   14.270   14.947   16.816   17.746   18.170   18.428
   18.774
           -0.250000 -0.144338  0.036121
 -197.533 -197.358 -197.358 -143.187 -143.187 -137.015 -136.987 -136.986 -136.839 -136.838
 -136.805 -136.804 -136.803 -136.802  -81.215  -81.215  -81.215  -81.215  -81.209  -81.209
  -37.189  -37.182  -37.181  -37.155  -37.153  -37.001  -36.996  -36.990  -36.989  -36.987
  -36.986  -36.958  -36.956  -36.955  -36.955  -12.499  -12.495  -12.480  -12.480  -12.478
  -12.475  -12.473  -12.471  -12.468  -12.467   -3.329   -2.364   -2.042    0.377    1.002
    6.511    7.027    7.221    7.743    8.507    8.519    9.522    9.559   10.022   11.661
   12.401   12.430   13.349   13.525   14.427   14.799   16.954   17.537   18.381   18.640
   18.928
           -0.275000 -0.158771  0.039733
 -197.533 -197.358 -197.358 -143.187 -143.187 -137.015 -136.988 -136.987 -136.839 -136.838
 -136.806 -136.804 -136.803 -136.803  -81.215  -81.215  -81.215  -81.215  -81.209  -81.209
  -37.189  -37.182  -37.181  -37.157  -37.154  -37.002  -36.997  -36.991  -36.990  -36.987
  -36.986  -36.961  -36.958  -36.957  -36.955  -12.500  -12.496  -12.481  -12.479  -12.476
  -12.476  -12.472  -12.470  -12.467  -12.467   -3.224   -2.316   -1.963    0.294    0.918
    6.260    6.973    7.124    7.661    8.331    8.402    9.486    9.544    9.990   11.630
   12.356   12.411   13.521   13.684   14.539   14.680   16.981   17.467   18.619   18.874
   19.105
           -0.300000 -0.173205  0.043345
 -197.533 -197.358 -197.358 -143.187 -143.187 -137.015 -136.988 -136.986 -136.840 -136.837
 -136.806 -136.804 -136.803 -136.802  -81.215  -81.215  -81.215  -81.215  -81.209  -81.209
  -37.190  -37.182  -37.181  -37.156  -37.154  -37.002  -36.998  -36.991  -36.988  -36.987
  -36.985  -36.959  -36.957  -36.957  -36.955  -12.501  -12.497  -12.482  -12.477  -12.477
  -12.475  -12.472  -12.469  -12.467  -12.466   -3.113   -2.267   -1.886    0.205    0.831
    6.021    6.948    7.046    7.585    8.168    8.295    9.342    9.562    9.988   11.596
   12.279   12.459   13.659   13.837   14.561   14.642   16.829   17.612   18.882   19.115
   19.310
           -0.325000 -0.187639  0.046957
 -197.533 -197.358 -197.358 -143.187 -143.187 -137.015 -136.989 -136.986 -136.839 -136.837
 -136.807 -136.804 -136.804 -136.803  -81.215  -81.215  -81.215  -81.215  -81.209  -81.209
  -37.190  -37.182  -37.180  -37.158  -37.155  -37.002  -36.998  -36.992  -36.988  -36.986
  -36.986  -36.961  -36.959  -36.958  -36.956  -12.502  -12.498  -12.484  -12.478  -12.477
  -12.474  -12.471  -12.468  -12.467  -12.464   -2.996   -2.219   -1.813    0.114    0.740
    5.799    6.948    6.987    7.516    8.017    8.199    9.153    9.577   10.007   11.547
   12.205   12.546   13.756   13.977   14.507   14.677   16.628   17.843   19.167   19.356
   19.545
           -0.350000 -0.202073  0.050569
 -197.533 -197.358 -197.358 -143.187 -143.187 -137.014 -136.989 -136.987 -136.838 -136.838
 -136.807 -136.805 -136.804 -136.803  -81.215  -81.215  -81.215  -81.215  -81.209  -81.209
  -37.190  -37.182  -37.181  -37.158  -37.156  -37.001  -36.999  -36.990  -36.988  -36.988
  -36.987  -36.963  -36.959  -36.958  -36.958  -12.504  -12.498  -12.484  -12.478  -12.477
  -12.472  -12.469  -12.466  -12.466  -12.463   -2.876   -2.171   -1.749    0.026    0.647
    5.600    6.939    6.974    7.456    7.880    8.114    8.944    9.589   10.036   11.487
   12.135   12.663   13.811   14.102   14.469   14.691   16.435   18.105   19.472   19.600
   19.798
           -0.375000 -0.216506  0.054181
 -197.533 -197.358 -197.358 -143.187 -143.187 -137.015 -136.990 -136.987 -136.839 -136.838
 -136.807 -136.805 -136.804 -136.803  -81.215  -81.215  -81.215  -81.215  -81.209  -81.209
  -37.191  -37.183  -37.181  -37.159  -37.155  -37.001  -37.001  -36.992  -36.988  -36.988
  -36.987  -36.963  -36.959  -36.958  -36.956  -12.505  -12.499  -12.485  -12.479  -12.477
  -12.472  -12.468  -12.466  -12.465  -12.462   -2.756   -2.125   -1.700   -0.051    0.554
    5.426    6.910    7.018    7.404    7.758    8.041    8.730    9.599   10.066   11.422
   12.074   12.797   13.830   14.210   14.445   14.683   16.266   18.383   19.793   19.850
   20.046
           -0.400000 -0.230940  0.057793
 -197.533 -197.358 -197.358 -143.187 -143.187 -137.015 -136.990 -136.987 -136.839 -136.838
 -136.807 -136.806 -136.804 -136.803  -81.215  -81.215  -81.215  -81.215  -81.209  -81.209
  -37.192  -37.182  -37.180  -37.161  -37.155  -37.003  -37.001  -36.990  -36.988  -36.987
  -36.986  -36.964  -36.962  -36.958  -36.956  -12.506  -12.500  -12.486  -12.480  -12.477
  -12.471  -12.467  -12.465  -12.465  -12.461   -2.640   -2.082   -1.671   -0.112    0.463
    5.281    6.894    7.081    7.361    7.653    7.981    8.521    9.606   10.095   11.359
   12.021   12.940   13.825   14.298   14.428   14.656   16.126   18.667   20.103   20.123
   20.245
           -0.425000 -0.245374  0.061405
 -197.533 -197.358 -197.358 -143.187 -143.187 -137.015 -136.990 -136.987 -136.838 -136.838
 -136.807 -136.805 -136.804 -136.803  -81.215  -81.215  -81.215  -81.215  -81.209  -81.209
  -37.191  -37.182  -37.180  -37.160  -37.154  -37.002  -37.001  -36.990  -36.988  -36.987
  -36.985  -36.964  -36.961  -36.957  -36.956  -12.506  -12.500  -12.487  -12.480  -12.477
  -12.471  -12.466  -12.464  -12.464  -12.460   -2.533   -2.040   -1.665   -0.151    0.377
    5.165    6.888    7.155    7.328    7.571    7.934    8.325    9.611   10.121   11.303
   11.980   13.082   13.800   14.367   14.416   14.615   16.019   18.950   20.319   20.371
   20.442
           -0.450000 -0.259808  0.065017
 -197.533 -197.358 -197.358 -143.187 -143.187 -137.014 -136.990 -136.987 -136.838 -136.838
 -136.807 -136.806 -136.804 -136.804  -81.215  -81.215  -81.215  -81.215  -81.209  -81.209
  -37.191  -37.182  -37.180  -37.160  -37.156  -37.002  -37.000  -36.989  -36.989  -36.988
  -36.985  -36.964  -36.961  -36.959  -36.957  -12.507  -12.501  -12.487  -12.480  -12.477
  -12.471  -12.465  -12.464  -12.463  -12.460   -2.445   -2.001   -1.680   -0.168    0.303
    5.082    6.888    7.227    7.303    7.521    7.900    8.151    9.614   10.142   11.260
   11.949   13.213   13.760   14.413   14.416   14.567   15.944   19.214   20.397   20.519
   20.641
           -0.475000 -0.274241  0.068630
 -197.533 -197.358 -197.358 -143.187 -143.187 -137.015 -136.989 -136.988 -136.838 -136.838
 -136.806 -136.805 -136.805 -136.804  -81.215  -81.215  -81.215  -81.215  -81.209  -81.209
  -37.190  -37.182  -37.181  -37.160  -37.155  -37.001  -37.000  -36.990  -36.990  -36.988
  -36.985  -36.964  -36.962  -36.958  -36.956  -12.507  -12.501  -12.487  -12.481  -12.477
  -12.471  -12.465  -12.463  -12.463  -12.459   -2.386   -1.967   -1.706   -0.170    0.250
    5.031    6.891    7.274    7.288    7.513    7.879    8.019    9.616   10.155   11.233
   11.930   13.318   13.713   14.421   14.445   14.522   15.900   19.427   20.379   20.624
   20.698
           -0.500000 -0.288675  0.072242
 -197.533 -197.358 -197.358 -143.187 -143.187 -137.015 -136.989 -136.988 -136.838 -136.838
 -136.806 -136.805 -136.805 -136.804  -81.215  -81.215  -81.215  -81.215  -81.209  -81.209
  -37.191  -37.182  -37.181  -37.161  -37.154  -37.002  -37.000  -36.990  -36.989  -36.988
  -36.985  -36.963  -36.963  -36.958  -36.955  -12.507  -12.501  -12.487  -12.481  -12.477
  -12.471  -12.464  -12.463  -12.463  -12.459   -2.365   -1.951   -1.720   -0.169    0.231
    5.015    6.893    7.283    7.287    7.522    7.872    7.964    9.616   10.160   11.224
   11.924   13.363   13.688   14.430   14.455   14.499   15.886   19.516   20.348   20.666
   20.698
