# energy
-2.328269999999999840e+01
-2.324119999999999919e+01
-2.319969999999999999e+01
-2.315820000000000078e+01
-2.311679999999999779e+01
-2.307529999999999859e+01
-2.303379999999999939e+01
-2.299239999999999995e+01
-2.295090000000000074e+01
-2.290939999999999799e+01
-2.286789999999999878e+01
-2.282649999999999935e+01
-2.278500000000000014e+01
-2.274350000000000094e+01
-2.270199999999999818e+01
-2.266060000000000230e+01
-2.261909999999999954e+01
-2.257760000000000034e+01
-2.253609999999999758e+01
-2.249470000000000169e+01
-2.245320000000000249e+01
-2.241169999999999973e+01
-2.237030000000000030e+01
-2.232880000000000109e+01
-2.228730000000000189e+01
-2.224580000000000268e+01
-2.220439999999999969e+01
-2.216290000000000049e+01
-2.212140000000000128e+01
-2.207990000000000208e+01
-2.203849999999999909e+01
-2.199699999999999989e+01
-2.195550000000000068e+01
-2.191400000000000148e+01
-2.187259999999999849e+01
-2.183109999999999928e+01
-2.178960000000000008e+01
-2.174820000000000064e+01
-2.170669999999999789e+01
-2.166519999999999868e+01
-2.162369999999999948e+01
-2.158230000000000004e+01
-2.154080000000000084e+01
-2.149929999999999808e+01
-2.145779999999999887e+01
-2.141639999999999944e+01
-2.137490000000000023e+01
-2.133339999999999748e+01
-2.129189999999999827e+01
-2.125050000000000239e+01
-2.120899999999999963e+01
-2.116750000000000043e+01
-2.112610000000000099e+01
-2.108460000000000178e+01
-2.104310000000000258e+01
-2.100159999999999982e+01
-2.096020000000000039e+01
-2.091870000000000118e+01
-2.087720000000000198e+01
-2.083569999999999922e+01
-2.079429999999999978e+01
-2.075280000000000058e+01
-2.071130000000000138e+01
-2.066989999999999839e+01
-2.062839999999999918e+01
-2.058689999999999998e+01
-2.054540000000000077e+01
-2.050399999999999778e+01
-2.046249999999999858e+01
-2.042099999999999937e+01
-2.037950000000000017e+01
-2.033810000000000073e+01
-2.029659999999999798e+01
-2.025509999999999877e+01
-2.021359999999999957e+01
-2.017220000000000013e+01
-2.013070000000000093e+01
-2.008919999999999817e+01
-2.004780000000000229e+01
-2.000629999999999953e+01
-1.996480000000000032e+01
-1.992329999999999757e+01
-1.988190000000000168e+01
-1.984040000000000248e+01
-1.979889999999999972e+01
-1.975740000000000052e+01
-1.971600000000000108e+01
-1.967450000000000188e+01
-1.963300000000000267e+01
-1.959149999999999991e+01
-1.955010000000000048e+01
-1.950860000000000127e+01
-1.946710000000000207e+01
-1.942569999999999908e+01
-1.938419999999999987e+01
-1.934270000000000067e+01
-1.930120000000000147e+01
-1.925979999999999848e+01
-1.921829999999999927e+01
-1.917680000000000007e+01
-1.913530000000000086e+01
-1.909389999999999787e+01
-1.905239999999999867e+01
-1.901089999999999947e+01
-1.896940000000000026e+01
-1.892800000000000082e+01
-1.888649999999999807e+01
-1.884499999999999886e+01
-1.880359999999999943e+01
-1.876210000000000022e+01
-1.872059999999999746e+01
-1.867909999999999826e+01
-1.863770000000000238e+01
-1.859619999999999962e+01
-1.855470000000000041e+01
-1.851319999999999766e+01
-1.847180000000000177e+01
-1.843030000000000257e+01
-1.838879999999999981e+01
-1.834740000000000038e+01
-1.830590000000000117e+01
-1.826440000000000197e+01
-1.822289999999999921e+01
-1.818149999999999977e+01
-1.814000000000000057e+01
-1.809850000000000136e+01
-1.805700000000000216e+01
-1.801559999999999917e+01
-1.797409999999999997e+01
-1.793260000000000076e+01
-1.789110000000000156e+01
-1.784969999999999857e+01
-1.780819999999999936e+01
-1.776670000000000016e+01
-1.772530000000000072e+01
-1.768379999999999797e+01
-1.764229999999999876e+01
-1.760079999999999956e+01
-1.755940000000000012e+01
-1.751790000000000092e+01
-1.747639999999999816e+01
-1.743489999999999895e+01
-1.739349999999999952e+01
-1.735200000000000031e+01
-1.731050000000000111e+01
-1.726899999999999835e+01
-1.722759999999999891e+01
-1.718609999999999971e+01
-1.714460000000000051e+01
-1.710320000000000107e+01
-1.706170000000000186e+01
-1.702019999999999911e+01
-1.697869999999999990e+01
-1.693730000000000047e+01
-1.689580000000000126e+01
-1.685430000000000206e+01
-1.681279999999999930e+01
-1.677139999999999986e+01
-1.672990000000000066e+01
-1.668840000000000146e+01
-1.664690000000000225e+01
-1.660549999999999926e+01
-1.656400000000000006e+01
-1.652250000000000085e+01
-1.648110000000000142e+01
-1.643959999999999866e+01
-1.639809999999999945e+01
-1.635660000000000025e+01
-1.631520000000000081e+01
-1.627369999999999806e+01
-1.623219999999999885e+01
-1.619069999999999965e+01
-1.614930000000000021e+01
-1.610780000000000101e+01
-1.606629999999999825e+01
-1.602479999999999905e+01
-1.598339999999999961e+01
-1.594190000000000040e+01
-1.590040000000000120e+01
-1.585899999999999999e+01
-1.581749999999999901e+01
-1.577599999999999980e+01
-1.573450000000000060e+01
-1.569310000000000116e+01
-1.565160000000000018e+01
-1.561009999999999920e+01
-1.556859999999999999e+01
-1.552720000000000056e+01
-1.548570000000000135e+01
-1.544420000000000037e+01
-1.540279999999999916e+01
-1.536129999999999995e+01
-1.531980000000000075e+01
-1.527829999999999977e+01
-1.523690000000000033e+01
-1.519539999999999935e+01
-1.515390000000000015e+01
-1.511240000000000094e+01
-1.507099999999999973e+01
-1.502950000000000053e+01
-1.498799999999999955e+01
-1.494650000000000034e+01
-1.490510000000000090e+01
-1.486359999999999992e+01
-1.482209999999999894e+01
-1.478069999999999951e+01
-1.473920000000000030e+01
-1.469770000000000110e+01
-1.465620000000000012e+01
-1.461479999999999890e+01
-1.457329999999999970e+01
-1.453180000000000049e+01
-1.449030000000000129e+01
-1.444890000000000008e+01
-1.440739999999999910e+01
-1.436589999999999989e+01
-1.432440000000000069e+01
-1.428300000000000125e+01
-1.424150000000000027e+01
-1.419999999999999929e+01
-1.415859999999999985e+01
-1.411710000000000065e+01
-1.407559999999999967e+01
-1.403410000000000046e+01
-1.399269999999999925e+01
-1.395120000000000005e+01
-1.390970000000000084e+01
-1.386819999999999986e+01
-1.382680000000000042e+01
-1.378529999999999944e+01
-1.374380000000000024e+01
-1.370230000000000103e+01
-1.366089999999999982e+01
-1.361940000000000062e+01
-1.357789999999999964e+01
-1.353650000000000020e+01
-1.349500000000000099e+01
-1.345350000000000001e+01
-1.341199999999999903e+01
-1.337059999999999960e+01
-1.332910000000000039e+01
-1.328760000000000119e+01
-1.324610000000000021e+01
-1.320469999999999899e+01
-1.316319999999999979e+01
-1.312170000000000059e+01
-1.308030000000000115e+01
-1.303880000000000017e+01
-1.299729999999999919e+01
-1.295579999999999998e+01
-1.291440000000000055e+01
-1.287289999999999957e+01
-1.283140000000000036e+01
-1.278989999999999938e+01
-1.274849999999999994e+01
-1.270700000000000074e+01
-1.266549999999999976e+01
-1.262400000000000055e+01
-1.258259999999999934e+01
-1.254110000000000014e+01
-1.249960000000000093e+01
-1.245819999999999972e+01
-1.241670000000000051e+01
-1.237519999999999953e+01
-1.233370000000000033e+01
-1.229230000000000089e+01
-1.225079999999999991e+01
-1.220930000000000071e+01
-1.216779999999999973e+01
-1.212640000000000029e+01
-1.208490000000000109e+01
-1.204340000000000011e+01
-1.200189999999999912e+01
-1.196049999999999969e+01
-1.191900000000000048e+01
-1.187749999999999950e+01
-1.183610000000000007e+01
-1.179459999999999908e+01
-1.175309999999999988e+01
-1.171160000000000068e+01
-1.167019999999999946e+01
-1.162870000000000026e+01
-1.158719999999999928e+01
-1.154570000000000007e+01
-1.150430000000000064e+01
-1.146279999999999966e+01
-1.142130000000000045e+01
-1.137979999999999947e+01
-1.133840000000000003e+01
-1.129690000000000083e+01
-1.125539999999999985e+01
-1.121400000000000041e+01
-1.117249999999999943e+01
-1.113100000000000023e+01
-1.108950000000000102e+01
-1.104809999999999981e+01
-1.100660000000000061e+01
-1.096509999999999962e+01
-1.092360000000000042e+01
-1.088220000000000098e+01
-1.084070000000000000e+01
-1.079920000000000080e+01
-1.075769999999999982e+01
-1.071630000000000038e+01
-1.067479999999999940e+01
-1.063330000000000020e+01
-1.059190000000000076e+01
-1.055039999999999978e+01
-1.050890000000000057e+01
-1.046739999999999959e+01
-1.042600000000000016e+01
-1.038449999999999918e+01
-1.034299999999999997e+01
-1.030150000000000077e+01
-1.026009999999999955e+01
-1.021860000000000035e+01
-1.017709999999999937e+01
-1.013569999999999993e+01
-1.009420000000000073e+01
-1.005269999999999975e+01
-1.001120000000000054e+01
-9.969799999999999329e+00
-9.928300000000000125e+00
-9.886800000000000921e+00
-9.845299999999999940e+00
-9.803900000000000503e+00
-9.762399999999999523e+00
-9.720900000000000318e+00
-9.679399999999999338e+00
-9.637999999999999901e+00
-9.596500000000000696e+00
-9.554999999999999716e+00
-9.513600000000000279e+00
-9.472099999999999298e+00
-9.430600000000000094e+00
-9.389100000000000890e+00
-9.347699999999999676e+00
-9.306200000000000472e+00
-9.264699999999999491e+00
-9.223200000000000287e+00
-9.181800000000000850e+00
-9.140299999999999869e+00
-9.098800000000000665e+00
-9.057299999999999685e+00
-9.015900000000000247e+00
-8.974399999999999267e+00
-8.932900000000000063e+00
-8.891500000000000625e+00
-8.849999999999999645e+00
-8.808500000000000441e+00
-8.766999999999999460e+00
-8.725600000000000023e+00
-8.684100000000000819e+00
-8.642599999999999838e+00
-8.601100000000000634e+00
-8.559699999999999420e+00
-8.518200000000000216e+00
-8.476700000000001012e+00
-8.435200000000000031e+00
-8.393800000000000594e+00
-8.352299999999999613e+00
-8.310800000000000409e+00
-8.269400000000000972e+00
-8.227899999999999991e+00
-8.186400000000000787e+00
-8.144899999999999807e+00
-8.103500000000000369e+00
-8.061999999999999389e+00
-8.020500000000000185e+00
-7.979000000000000092e+00
-7.937599999999999767e+00
-7.896100000000000563e+00
-7.854599999999999582e+00
-7.813100000000000378e+00
-7.771700000000000053e+00
-7.730199999999999960e+00
-7.688699999999999868e+00
-7.647299999999999542e+00
-7.605800000000000338e+00
-7.564300000000000246e+00
-7.522800000000000153e+00
-7.481400000000000716e+00
-7.439899999999999736e+00
-7.398400000000000531e+00
-7.356899999999999551e+00
-7.315500000000000114e+00
-7.274000000000000021e+00
-7.232499999999999929e+00
-7.191100000000000492e+00
-7.149599999999999511e+00
-7.108100000000000307e+00
-7.066600000000000215e+00
-7.025199999999999889e+00
-6.983700000000000685e+00
-6.942199999999999704e+00
-6.900700000000000500e+00
-6.859300000000000175e+00
-6.817800000000000082e+00
-6.776299999999999990e+00
-6.734799999999999898e+00
-6.693400000000000460e+00
-6.651899999999999480e+00
-6.610400000000000276e+00
-6.568999999999999950e+00
-6.527499999999999858e+00
-6.486000000000000654e+00
-6.444499999999999673e+00
-6.403100000000000236e+00
-6.361600000000000144e+00
-6.320100000000000051e+00
-6.278599999999999959e+00
-6.237199999999999633e+00
-6.195700000000000429e+00
-6.154199999999999449e+00
-6.112700000000000244e+00
-6.071299999999999919e+00
-6.029799999999999827e+00
-5.988300000000000622e+00
-5.946900000000000297e+00
-5.905400000000000205e+00
-5.863900000000000112e+00
-5.822400000000000020e+00
-5.781000000000000583e+00
-5.739499999999999602e+00
-5.698000000000000398e+00
-5.656500000000000306e+00
-5.615099999999999980e+00
-5.573599999999999888e+00
-5.532099999999999795e+00
-5.490599999999999703e+00
-5.449200000000000266e+00
-5.407700000000000173e+00
-5.366200000000000081e+00
-5.324799999999999756e+00
-5.283299999999999663e+00
-5.241800000000000459e+00
-5.200300000000000367e+00
-5.158900000000000041e+00
-5.117399999999999949e+00
-5.075899999999999856e+00
-5.034399999999999764e+00
-4.993000000000000327e+00
-4.951500000000000234e+00
-4.910000000000000142e+00
-4.868599999999999817e+00
-4.827099999999999724e+00
-4.785600000000000520e+00
-4.744100000000000428e+00
-4.702700000000000102e+00
-4.661200000000000010e+00
-4.619699999999999918e+00
-4.578199999999999825e+00
-4.536800000000000388e+00
-4.495300000000000296e+00
-4.453800000000000203e+00
-4.412300000000000111e+00
-4.370899999999999785e+00
-4.329399999999999693e+00
-4.287900000000000489e+00
-4.246500000000000163e+00
-4.205000000000000071e+00
-4.163499999999999979e+00
-4.121999999999999886e+00
-4.080600000000000449e+00
-4.039100000000000357e+00
-3.997600000000000264e+00
-3.956100000000000172e+00
-3.914699999999999847e+00
-3.873199999999999754e+00
-3.831699999999999662e+00
-3.790200000000000458e+00
-3.748800000000000132e+00
-3.707300000000000040e+00
-3.665799999999999947e+00
-3.624400000000000510e+00
-3.582900000000000418e+00
-3.541400000000000325e+00
-3.499900000000000233e+00
-3.458499999999999908e+00
-3.416999999999999815e+00
-3.375499999999999723e+00
-3.334000000000000519e+00
-3.292600000000000193e+00
-3.251100000000000101e+00
-3.209600000000000009e+00
-3.168099999999999916e+00
-3.126700000000000479e+00
-3.085200000000000387e+00
-3.043700000000000294e+00
-3.002299999999999969e+00
-2.960799999999999876e+00
-2.919299999999999784e+00
-2.877799999999999692e+00
-2.836400000000000254e+00
-2.794900000000000162e+00
-2.753400000000000070e+00
-2.711899999999999977e+00
-2.670500000000000540e+00
-2.629000000000000448e+00
-2.587500000000000355e+00
-2.546000000000000263e+00
-2.504599999999999937e+00
-2.463099999999999845e+00
-2.421599999999999753e+00
-2.380200000000000315e+00
-2.338700000000000223e+00
-2.297200000000000131e+00
-2.255700000000000038e+00
-2.214299999999999713e+00
-2.172800000000000509e+00
-2.131300000000000416e+00
-2.089800000000000324e+00
-2.048399999999999999e+00
-2.006899999999999906e+00
-1.965399999999999814e+00
-1.924000000000000377e+00
-1.882500000000000284e+00
-1.841000000000000192e+00
-1.799500000000000099e+00
-1.758099999999999774e+00
-1.716599999999999682e+00
-1.675100000000000477e+00
-1.633599999999999497e+00
-1.592200000000000060e+00
-1.550700000000000855e+00
-1.509199999999999875e+00
-1.467700000000000671e+00
-1.426299999999999457e+00
-1.384800000000000253e+00
-1.343299999999999272e+00
-1.301899999999999835e+00
-1.260400000000000631e+00
-1.218899999999999650e+00
-1.177400000000000446e+00
-1.135999999999999233e+00
-1.094500000000000028e+00
-1.053000000000000824e+00
-1.011499999999999844e+00
-9.701000000000004064e-01
-9.285999999999994259e-01
-8.871000000000002217e-01
-8.455999999999992411e-01
-8.041999999999998039e-01
-7.627000000000005997e-01
-7.211999999999996191e-01
-6.798000000000001819e-01
-6.383000000000009777e-01
-5.967999999999999972e-01
-5.553000000000007930e-01
-5.138999999999995794e-01
-4.724000000000003752e-01
-4.308999999999993946e-01
-3.894000000000001904e-01
-3.480000000000007532e-01
-3.064999999999997726e-01
-2.650000000000005684e-01
-2.234999999999995879e-01
-1.821000000000001506e-01
-1.406000000000009464e-01
-9.909999999999996589e-02
-5.770000000000052864e-02
-1.619999999999954809e-02
2.529999999999965610e-02
6.680000000000063665e-02
1.082000000000000739e-01
1.496999999999992781e-01
1.912000000000002586e-01
2.326999999999994628e-01
2.741000000000006764e-01
3.155999999999998806e-01
3.570999999999990848e-01
3.985000000000002984e-01
4.399999999999995026e-01
4.815000000000004832e-01
5.229999999999996874e-01
5.643999999999991246e-01
6.059000000000001052e-01
6.473999999999993094e-01
6.889000000000002899e-01
7.302999999999997272e-01
7.718000000000007077e-01
8.132999999999999119e-01
8.547999999999991161e-01
8.962000000000003297e-01
9.376999999999995339e-01
9.792000000000005144e-01
1.020599999999999952e+00
1.062099999999999156e+00
1.103600000000000136e+00
1.145099999999999341e+00
1.186500000000000554e+00
1.227999999999999758e+00
1.269500000000000739e+00
1.310999999999999943e+00
1.352399999999999380e+00
1.393900000000000361e+00
1.435399999999999565e+00
1.476900000000000546e+00
1.518299999999999983e+00
1.559799999999999187e+00
1.601300000000000168e+00
1.642699999999999605e+00
1.684200000000000585e+00
1.725699999999999790e+00
1.767200000000000770e+00
1.808600000000000207e+00
1.850099999999999412e+00
1.891600000000000392e+00
1.933099999999999596e+00
1.974499999999999034e+00
2.016000000000000014e+00
2.057499999999999218e+00
2.099000000000000199e+00
2.140399999999999636e+00
2.181900000000000617e+00
2.223399999999999821e+00
2.264799999999999258e+00
2.306300000000000239e+00
2.347799999999999443e+00
2.389300000000000423e+00
2.430699999999999861e+00
2.472199999999999065e+00
2.513700000000000045e+00
2.555199999999999250e+00
2.596600000000000463e+00
2.638099999999999667e+00
2.679600000000000648e+00
2.721099999999999852e+00
2.762499999999999289e+00
2.804000000000000270e+00
2.845499999999999474e+00
2.886900000000000688e+00
2.928399999999999892e+00
2.969899999999999096e+00
3.011400000000000077e+00
3.052799999999999514e+00
3.094300000000000495e+00
3.135799999999999699e+00
3.177300000000000679e+00
3.218700000000000117e+00
3.260199999999999321e+00
3.301700000000000301e+00
3.343099999999999739e+00
3.384600000000000719e+00
3.426099999999999923e+00
3.467599999999999127e+00
3.509000000000000341e+00
3.550499999999999545e+00
3.592000000000000526e+00
3.633499999999999730e+00
3.674899999999999167e+00
3.716400000000000148e+00
3.757899999999999352e+00
3.799400000000000333e+00
3.840799999999999770e+00
3.882300000000000750e+00
3.923799999999999955e+00
3.965199999999999392e+00
4.006700000000000372e+00
4.048199999999999577e+00
4.089700000000000557e+00
4.131099999999999994e+00
4.172599999999999199e+00
4.214100000000000179e+00
4.255599999999999383e+00
4.297000000000000597e+00
4.338499999999999801e+00
4.380000000000000782e+00
4.421499999999999986e+00
4.462899999999999423e+00
4.504400000000000404e+00
4.545899999999999608e+00
4.587299999999999045e+00
4.628800000000000026e+00
4.670299999999999230e+00
4.711800000000000210e+00
4.753199999999999648e+00
4.794700000000000628e+00
4.836199999999999832e+00
4.877699999999999037e+00
4.919100000000000250e+00
4.960599999999999454e+00
5.002100000000000435e+00
5.043599999999999639e+00
5.084999999999999076e+00
5.126500000000000057e+00
5.167999999999999261e+00
5.209400000000000475e+00
5.250899999999999679e+00
5.292400000000000659e+00
5.333899999999999864e+00
5.375299999999999301e+00
5.416800000000000281e+00
5.458299999999999486e+00
5.499800000000000466e+00
5.541199999999999903e+00
5.582699999999999108e+00
5.624200000000000088e+00
5.665599999999999525e+00
5.707100000000000506e+00
5.748599999999999710e+00
5.790100000000000691e+00
5.831500000000000128e+00
5.872999999999999332e+00
5.914500000000000313e+00
5.955999999999999517e+00
5.997400000000000730e+00
6.038899999999999935e+00
6.080399999999999139e+00
6.121900000000000119e+00
6.163299999999999557e+00
6.204800000000000537e+00
6.246299999999999741e+00
6.287699999999999179e+00
6.329200000000000159e+00
6.370699999999999363e+00
6.412199999999998568e+00
6.453600000000001558e+00
6.495100000000000762e+00
6.536599999999999966e+00
6.578099999999999170e+00
6.619499999999998607e+00
6.661000000000001364e+00
6.702500000000000568e+00
6.743999999999999773e+00
6.785399999999999210e+00
6.826899999999998414e+00
6.868400000000001171e+00
6.909800000000000608e+00
6.951299999999999812e+00
6.992799999999999017e+00
7.034299999999998221e+00
7.075700000000001211e+00
7.117200000000000415e+00
7.158699999999999619e+00
7.200199999999998823e+00
7.241599999999998261e+00
7.283100000000001017e+00
7.324600000000000222e+00
7.366099999999999426e+00
7.407499999999998863e+00
7.449000000000001620e+00
7.490500000000000824e+00
7.531900000000000261e+00
7.573399999999999466e+00
7.614899999999998670e+00
7.656400000000001427e+00
7.697800000000000864e+00
7.739300000000000068e+00
7.780799999999999272e+00
7.822299999999998477e+00
7.863700000000001467e+00
7.905200000000000671e+00
7.946699999999999875e+00
7.988199999999999079e+00
8.029599999999998516e+00
8.071100000000001273e+00
8.112600000000000477e+00
8.153999999999999915e+00
8.195499999999999119e+00
8.236999999999998323e+00
8.278500000000001080e+00
8.319900000000000517e+00
8.361399999999999721e+00
8.402899999999998926e+00
8.444399999999998130e+00
8.485800000000001120e+00
8.527300000000000324e+00
8.568799999999999528e+00
8.610199999999998965e+00
8.651699999999998170e+00
8.693200000000000927e+00
8.734700000000000131e+00
8.776099999999999568e+00
8.817599999999998772e+00
8.859100000000001529e+00
8.900600000000000733e+00
8.942000000000000171e+00
8.983499999999999375e+00
9.024999999999998579e+00
9.066500000000001336e+00
9.107900000000000773e+00
9.149399999999999977e+00
9.190899999999999181e+00
9.232299999999998619e+00
9.273800000000001376e+00
9.315300000000000580e+00
9.356799999999999784e+00
9.398199999999999221e+00
9.439699999999998425e+00
9.481200000000001182e+00
9.522700000000000387e+00
9.564099999999999824e+00
9.605599999999999028e+00
9.647099999999998232e+00
9.688600000000000989e+00
9.730000000000000426e+00
9.771499999999999631e+00
9.812999999999998835e+00
9.854399999999998272e+00
9.895900000000001029e+00
9.937400000000000233e+00
9.978899999999999437e+00
1.002029999999999887e+01
1.006180000000000163e+01
1.010330000000000084e+01
1.014480000000000004e+01
1.018619999999999948e+01
1.022769999999999868e+01
1.026920000000000144e+01
1.031070000000000064e+01
1.035210000000000008e+01
1.039359999999999928e+01
1.043509999999999849e+01
1.047650000000000148e+01
1.051800000000000068e+01
1.055949999999999989e+01
1.060099999999999909e+01
1.064239999999999853e+01
1.068390000000000128e+01
1.072540000000000049e+01
1.076689999999999969e+01
1.080829999999999913e+01
1.084979999999999833e+01
1.089130000000000109e+01
1.093270000000000053e+01
1.097419999999999973e+01
1.101569999999999894e+01
1.105719999999999814e+01
1.109860000000000113e+01
1.114010000000000034e+01
1.118159999999999954e+01
1.122309999999999874e+01
1.126449999999999818e+01
1.130600000000000094e+01
1.134750000000000014e+01
1.138899999999999935e+01
1.143039999999999878e+01
1.147190000000000154e+01
1.151340000000000074e+01
1.155480000000000018e+01
1.159629999999999939e+01
1.163779999999999859e+01
1.167930000000000135e+01
1.172070000000000078e+01
1.176219999999999999e+01
1.180369999999999919e+01
1.184519999999999840e+01
1.188660000000000139e+01
1.192810000000000059e+01
1.196959999999999980e+01
1.201109999999999900e+01
1.205249999999999844e+01
1.209400000000000119e+01
1.213550000000000040e+01
1.217689999999999984e+01
1.221839999999999904e+01
1.225989999999999824e+01
1.230140000000000100e+01
1.234280000000000044e+01
1.238429999999999964e+01
1.242579999999999885e+01
1.246730000000000160e+01
1.250870000000000104e+01
1.255020000000000024e+01
1.259169999999999945e+01
1.263319999999999865e+01
1.267460000000000164e+01
1.271610000000000085e+01
1.275760000000000005e+01
1.279899999999999949e+01
1.284049999999999869e+01
1.288200000000000145e+01
1.292350000000000065e+01
1.296490000000000009e+01
1.300639999999999930e+01
1.304789999999999850e+01
1.308940000000000126e+01
1.313080000000000069e+01
1.317229999999999990e+01
1.321379999999999910e+01
1.325529999999999831e+01
1.329670000000000130e+01
1.333820000000000050e+01
1.337969999999999970e+01
1.342109999999999914e+01
1.346259999999999835e+01
1.350410000000000110e+01
1.354560000000000031e+01
1.358699999999999974e+01
1.362849999999999895e+01
1.366999999999999815e+01
1.371150000000000091e+01
1.375290000000000035e+01
1.379439999999999955e+01
1.383589999999999876e+01
1.387729999999999819e+01
1.391880000000000095e+01
1.396030000000000015e+01
1.400179999999999936e+01
1.404319999999999879e+01
1.408470000000000155e+01
1.412620000000000076e+01
1.416769999999999996e+01
1.420909999999999940e+01
1.425059999999999860e+01
1.429210000000000136e+01
1.433360000000000056e+01
1.437500000000000000e+01
1.441649999999999920e+01
1.445799999999999841e+01
1.449940000000000140e+01
1.454090000000000060e+01
1.458239999999999981e+01
1.462389999999999901e+01
1.466529999999999845e+01
1.470680000000000121e+01
1.474830000000000041e+01
1.478979999999999961e+01
1.483119999999999905e+01
1.487269999999999825e+01
1.491420000000000101e+01
1.495570000000000022e+01
1.499709999999999965e+01
1.503859999999999886e+01
1.508010000000000161e+01
1.512150000000000105e+01
1.516300000000000026e+01
1.520449999999999946e+01
1.524599999999999866e+01
1.528740000000000165e+01
1.532890000000000086e+01
1.537040000000000006e+01
1.541189999999999927e+01
1.545329999999999870e+01
1.549480000000000146e+01
1.553630000000000067e+01
1.557779999999999987e+01
1.561919999999999931e+01
1.566069999999999851e+01
1.570220000000000127e+01
1.574360000000000070e+01
1.578509999999999991e+01
1.582659999999999911e+01
1.586809999999999832e+01
1.590950000000000131e+01
1.595100000000000051e+01
1.599249999999999972e+01
1.603399999999999892e+01
1.607539999999999836e+01
1.611690000000000111e+01
1.615840000000000032e+01
1.619979999999999976e+01
1.624129999999999896e+01
1.628279999999999816e+01
1.632430000000000092e+01
1.636570000000000036e+01
1.640719999999999956e+01
1.644869999999999877e+01
1.649020000000000152e+01
1.653160000000000096e+01
1.657310000000000016e+01
1.661459999999999937e+01
1.665609999999999857e+01
1.669750000000000156e+01
1.673900000000000077e+01
1.678049999999999997e+01
1.682189999999999941e+01
1.686339999999999861e+01
1.690490000000000137e+01
1.694640000000000057e+01
1.698780000000000001e+01
1.702929999999999922e+01
1.707079999999999842e+01
1.711230000000000118e+01
1.715370000000000061e+01
1.719519999999999982e+01
1.723669999999999902e+01
1.727819999999999823e+01
1.731960000000000122e+01
1.736110000000000042e+01
1.740259999999999962e+01
1.744399999999999906e+01
1.748549999999999827e+01
1.752700000000000102e+01
1.756850000000000023e+01
1.760989999999999966e+01
1.765139999999999887e+01
1.769290000000000163e+01
1.773440000000000083e+01
1.777580000000000027e+01
1.781729999999999947e+01
1.785879999999999868e+01
1.790030000000000143e+01
1.794170000000000087e+01
1.798320000000000007e+01
1.802469999999999928e+01
1.806609999999999872e+01
1.810760000000000147e+01
1.814910000000000068e+01
