# energy dos
-2.328269999999999840e+01 0.000000000000000000e+00
-2.324119999999999919e+01 0.000000000000000000e+00
-2.319969999999999999e+01 0.000000000000000000e+00
-2.315820000000000078e+01 0.000000000000000000e+00
-2.311679999999999779e+01 0.000000000000000000e+00
-2.307529999999999859e+01 0.000000000000000000e+00
-2.303379999999999939e+01 0.000000000000000000e+00
-2.299239999999999995e+01 0.000000000000000000e+00
-2.295090000000000074e+01 0.000000000000000000e+00
-2.290939999999999799e+01 0.000000000000000000e+00
-2.286789999999999878e+01 0.000000000000000000e+00
-2.282649999999999935e+01 0.000000000000000000e+00
-2.278500000000000014e+01 0.000000000000000000e+00
-2.274350000000000094e+01 0.000000000000000000e+00
-2.270199999999999818e+01 0.000000000000000000e+00
-2.266060000000000230e+01 0.000000000000000000e+00
-2.261909999999999954e+01 0.000000000000000000e+00
-2.257760000000000034e+01 0.000000000000000000e+00
-2.253609999999999758e+01 0.000000000000000000e+00
-2.249470000000000169e+01 0.000000000000000000e+00
-2.245320000000000249e+01 0.000000000000000000e+00
-2.241169999999999973e+01 0.000000000000000000e+00
-2.237030000000000030e+01 0.000000000000000000e+00
-2.232880000000000109e+01 0.000000000000000000e+00
-2.228730000000000189e+01 0.000000000000000000e+00
-2.224580000000000268e+01 0.000000000000000000e+00
-2.220439999999999969e+01 0.000000000000000000e+00
-2.216290000000000049e+01 0.000000000000000000e+00
-2.212140000000000128e+01 0.000000000000000000e+00
-2.207990000000000208e+01 0.000000000000000000e+00
-2.203849999999999909e+01 0.000000000000000000e+00
-2.199699999999999989e+01 0.000000000000000000e+00
-2.195550000000000068e+01 0.000000000000000000e+00
-2.191400000000000148e+01 0.000000000000000000e+00
-2.187259999999999849e+01 0.000000000000000000e+00
-2.183109999999999928e+01 0.000000000000000000e+00
-2.178960000000000008e+01 0.000000000000000000e+00
-2.174820000000000064e+01 0.000000000000000000e+00
-2.170669999999999789e+01 0.000000000000000000e+00
-2.166519999999999868e+01 0.000000000000000000e+00
-2.162369999999999948e+01 0.000000000000000000e+00
-2.158230000000000004e+01 0.000000000000000000e+00
-2.154080000000000084e+01 0.000000000000000000e+00
-2.149929999999999808e+01 0.000000000000000000e+00
-2.145779999999999887e+01 0.000000000000000000e+00
-2.141639999999999944e+01 0.000000000000000000e+00
-2.137490000000000023e+01 2.000000000000000096e-04
-2.133339999999999748e+01 1.299999999999999940e-03
-2.129189999999999827e+01 3.399999999999999811e-03
-2.125050000000000239e+01 6.599999999999999964e-03
-2.120899999999999963e+01 1.069999999999999944e-02
-2.116750000000000043e+01 1.590000000000000094e-02
-2.112610000000000099e+01 2.210000000000000159e-02
-2.108460000000000178e+01 2.939999999999999905e-02
-2.104310000000000258e+01 3.760000000000000148e-02
-2.100159999999999982e+01 4.689999999999999725e-02
-2.096020000000000039e+01 5.720000000000000084e-02
-2.091870000000000118e+01 6.850000000000000533e-02
-2.087720000000000198e+01 8.079999999999999682e-02
-2.083569999999999922e+01 9.310000000000000220e-02
-2.079429999999999978e+01 8.630000000000000171e-02
-2.075280000000000058e+01 8.200000000000000344e-02
-2.071130000000000138e+01 8.000000000000000167e-02
-2.066989999999999839e+01 8.039999999999999925e-02
-2.062839999999999918e+01 8.279999999999999860e-02
-2.058689999999999998e+01 8.550000000000000655e-02
-2.054540000000000077e+01 8.820000000000000062e-02
-2.050399999999999778e+01 9.099999999999999756e-02
-2.046249999999999858e+01 9.379999999999999449e-02
-2.042099999999999937e+01 9.660000000000000531e-02
-2.037950000000000017e+01 9.950000000000000511e-02
-2.033810000000000073e+01 1.024000000000000049e-01
-2.029659999999999798e+01 1.053000000000000047e-01
-2.025509999999999877e+01 1.082999999999999935e-01
-2.021359999999999957e+01 1.112999999999999962e-01
-2.017220000000000013e+01 1.144000000000000017e-01
-2.013070000000000093e+01 1.174999999999999933e-01
-2.008919999999999817e+01 1.205999999999999989e-01
-2.004780000000000229e+01 1.237000000000000044e-01
-2.000629999999999953e+01 1.269000000000000128e-01
-1.996480000000000032e+01 1.302000000000000102e-01
-1.992329999999999757e+01 1.333999999999999908e-01
-1.988190000000000168e+01 1.366999999999999882e-01
-1.984040000000000248e+01 1.396999999999999909e-01
-1.979889999999999972e+01 1.424999999999999878e-01
-1.975740000000000052e+01 1.449999999999999900e-01
-1.971600000000000108e+01 1.472999999999999865e-01
-1.967450000000000188e+01 1.494000000000000050e-01
-1.963300000000000267e+01 1.512999999999999901e-01
-1.959149999999999991e+01 1.529000000000000081e-01
-1.955010000000000048e+01 1.542999999999999927e-01
-1.950860000000000127e+01 1.554999999999999993e-01
-1.946710000000000207e+01 1.564000000000000112e-01
-1.942569999999999908e+01 1.570999999999999897e-01
-1.938419999999999987e+01 1.575000000000000011e-01
-1.934270000000000067e+01 1.580000000000000016e-01
-1.930120000000000147e+01 1.590999999999999914e-01
-1.925979999999999848e+01 1.602999999999999980e-01
-1.921829999999999927e+01 1.618999999999999884e-01
-1.917680000000000007e+01 1.635999999999999954e-01
-1.913530000000000086e+01 1.655000000000000082e-01
-1.909389999999999787e+01 1.673999999999999932e-01
-1.905239999999999867e+01 1.693000000000000060e-01
-1.901089999999999947e+01 1.711999999999999911e-01
-1.896940000000000026e+01 1.731000000000000039e-01
-1.892800000000000082e+01 1.749999999999999889e-01
-1.888649999999999807e+01 1.769000000000000017e-01
-1.884499999999999886e+01 1.789000000000000035e-01
-1.880359999999999943e+01 1.807999999999999885e-01
-1.876210000000000022e+01 1.827999999999999903e-01
-1.872059999999999746e+01 1.847000000000000031e-01
-1.867909999999999826e+01 1.867000000000000048e-01
-1.863770000000000238e+01 1.887000000000000066e-01
-1.859619999999999962e+01 1.907000000000000084e-01
-1.855470000000000041e+01 1.927000000000000102e-01
-1.851319999999999766e+01 1.947000000000000119e-01
-1.847180000000000177e+01 1.967000000000000137e-01
-1.843030000000000257e+01 1.986999999999999877e-01
-1.838879999999999981e+01 2.008000000000000063e-01
-1.834740000000000038e+01 2.028000000000000080e-01
-1.830590000000000117e+01 2.048999999999999988e-01
-1.826440000000000197e+01 2.069000000000000006e-01
-1.822289999999999921e+01 2.089999999999999913e-01
-1.818149999999999977e+01 2.111000000000000099e-01
-1.814000000000000057e+01 2.132000000000000006e-01
-1.809850000000000136e+01 2.152999999999999914e-01
-1.805700000000000216e+01 2.174000000000000099e-01
-1.801559999999999917e+01 2.195000000000000007e-01
-1.797409999999999997e+01 2.217000000000000082e-01
-1.793260000000000076e+01 2.237999999999999989e-01
-1.789110000000000156e+01 2.250000000000000056e-01
-1.784969999999999857e+01 2.258999999999999897e-01
-1.780819999999999936e+01 2.270999999999999963e-01
-1.776670000000000016e+01 2.285000000000000087e-01
-1.772530000000000072e+01 2.300999999999999990e-01
-1.768379999999999797e+01 2.318999999999999950e-01
-1.764229999999999876e+01 2.338000000000000078e-01
-1.760079999999999956e+01 2.356000000000000039e-01
-1.755940000000000012e+01 2.373999999999999999e-01
-1.751790000000000092e+01 2.393000000000000127e-01
-1.747639999999999816e+01 2.411999999999999977e-01
-1.743489999999999895e+01 2.431000000000000105e-01
-1.739349999999999952e+01 2.451000000000000123e-01
-1.735200000000000031e+01 2.469999999999999973e-01
-1.731050000000000111e+01 2.489999999999999991e-01
-1.726899999999999835e+01 2.510000000000000009e-01
-1.722759999999999891e+01 2.530000000000000027e-01
-1.718609999999999971e+01 2.550000000000000044e-01
-1.714460000000000051e+01 2.570000000000000062e-01
-1.710320000000000107e+01 2.590999999999999970e-01
-1.706170000000000186e+01 2.611999999999999877e-01
-1.702019999999999911e+01 2.632999999999999785e-01
-1.697869999999999990e+01 2.656999999999999917e-01
-1.693730000000000047e+01 2.681999999999999940e-01
-1.689580000000000126e+01 2.708999999999999742e-01
-1.685430000000000206e+01 2.738999999999999768e-01
-1.681279999999999930e+01 2.770000000000000240e-01
-1.677139999999999986e+01 2.802999999999999936e-01
-1.672990000000000066e+01 2.837999999999999967e-01
-1.668840000000000146e+01 2.876000000000000223e-01
-1.664690000000000225e+01 2.914999999999999813e-01
-1.660549999999999926e+01 2.955999999999999739e-01
-1.656400000000000006e+01 3.028000000000000136e-01
-1.652250000000000085e+01 3.103000000000000203e-01
-1.648110000000000142e+01 3.174000000000000155e-01
-1.643959999999999866e+01 3.241999999999999882e-01
-1.639809999999999945e+01 3.305000000000000160e-01
-1.635660000000000025e+01 3.363999999999999768e-01
-1.631520000000000081e+01 3.418999999999999817e-01
-1.627369999999999806e+01 3.468999999999999861e-01
-1.623219999999999885e+01 3.514999999999999791e-01
-1.619069999999999965e+01 3.557000000000000162e-01
-1.614930000000000021e+01 3.593999999999999972e-01
-1.610780000000000101e+01 3.627000000000000224e-01
-1.606629999999999825e+01 3.655999999999999805e-01
-1.602479999999999905e+01 3.680999999999999828e-01
-1.598339999999999961e+01 3.700999999999999845e-01
-1.594190000000000040e+01 3.716999999999999749e-01
-1.590040000000000120e+01 3.729000000000000092e-01
-1.585899999999999999e+01 3.735999999999999877e-01
-1.581749999999999901e+01 3.739000000000000101e-01
-1.577599999999999980e+01 3.738000000000000211e-01
-1.573450000000000060e+01 3.733000000000000207e-01
-1.569310000000000116e+01 3.723000000000000198e-01
-1.565160000000000018e+01 3.714000000000000079e-01
-1.561009999999999920e+01 3.708000000000000185e-01
-1.556859999999999999e+01 3.705999999999999850e-01
-1.552720000000000056e+01 3.708000000000000185e-01
-1.548570000000000135e+01 3.713000000000000189e-01
-1.544420000000000037e+01 3.721999999999999753e-01
-1.540279999999999916e+01 3.734000000000000097e-01
-1.536129999999999995e+01 3.750000000000000000e-01
-1.531980000000000075e+01 5.836000000000000076e-01
-1.527829999999999977e+01 6.071999999999999620e-01
-1.523690000000000033e+01 4.430000000000000049e-01
-1.519539999999999935e+01 4.003999999999999782e-01
-1.515390000000000015e+01 3.932999999999999829e-01
-1.511240000000000094e+01 3.865000000000000102e-01
-1.507099999999999973e+01 3.799000000000000155e-01
-1.502950000000000053e+01 3.735999999999999877e-01
-1.498799999999999955e+01 3.674000000000000044e-01
-1.494650000000000034e+01 3.615999999999999770e-01
-1.490510000000000090e+01 3.558999999999999941e-01
-1.486359999999999992e+01 3.509999999999999787e-01
-1.482209999999999894e+01 3.462999999999999967e-01
-1.478069999999999951e+01 3.418999999999999817e-01
-1.473920000000000030e+01 3.376000000000000112e-01
-1.469770000000000110e+01 3.336000000000000076e-01
-1.465620000000000012e+01 3.296999999999999931e-01
-1.461479999999999890e+01 3.261000000000000010e-01
-1.457329999999999970e+01 3.226999999999999869e-01
-1.453180000000000049e+01 3.194000000000000172e-01
-1.449030000000000129e+01 3.164000000000000146e-01
-1.444890000000000008e+01 3.135999999999999899e-01
-1.440739999999999910e+01 3.109000000000000097e-01
-1.436589999999999989e+01 3.084999999999999964e-01
-1.432440000000000069e+01 3.063000000000000167e-01
-1.428300000000000125e+01 3.068000000000000171e-01
-1.424150000000000027e+01 3.095999999999999863e-01
-1.419999999999999929e+01 3.119000000000000106e-01
-1.415859999999999985e+01 3.136999999999999789e-01
-1.411710000000000065e+01 3.150000000000000022e-01
-1.407559999999999967e+01 3.156999999999999806e-01
-1.403410000000000046e+01 3.160000000000000031e-01
-1.399269999999999925e+01 3.163000000000000256e-01
-1.395120000000000005e+01 3.159000000000000141e-01
-1.390970000000000084e+01 3.148000000000000242e-01
-1.386819999999999986e+01 3.131999999999999784e-01
-1.382680000000000042e+01 3.108000000000000207e-01
-1.378529999999999944e+01 3.078000000000000180e-01
-1.374380000000000024e+01 3.040999999999999814e-01
-1.370230000000000103e+01 2.998000000000000109e-01
-1.366089999999999982e+01 2.948000000000000065e-01
-1.361940000000000062e+01 2.891000000000000236e-01
-1.357789999999999964e+01 2.827999999999999958e-01
-1.353650000000000020e+01 2.758999999999999786e-01
-1.349500000000000099e+01 2.681999999999999940e-01
-1.345350000000000001e+01 2.599000000000000199e-01
-1.341199999999999903e+01 2.510000000000000009e-01
-1.337059999999999960e+01 2.414000000000000035e-01
-1.332910000000000039e+01 2.310999999999999999e-01
-1.328760000000000119e+01 2.202000000000000068e-01
-1.324610000000000021e+01 2.086000000000000076e-01
-1.320469999999999899e+01 1.963999999999999913e-01
-1.316319999999999979e+01 1.834999999999999964e-01
-1.312170000000000059e+01 1.698999999999999955e-01
-1.308030000000000115e+01 1.557000000000000051e-01
-1.303880000000000017e+01 1.408000000000000085e-01
-1.299729999999999919e+01 1.252000000000000057e-01
-1.295579999999999998e+01 5.870000000000000218e-02
-1.291440000000000055e+01 4.730000000000000177e-02
-1.287289999999999957e+01 3.699999999999999817e-02
-1.283140000000000036e+01 2.790000000000000119e-02
-1.278989999999999938e+01 1.990000000000000102e-02
-1.274849999999999994e+01 1.310000000000000053e-02
-1.270700000000000074e+01 7.400000000000000328e-03
-1.266549999999999976e+01 1.969999999999999876e-02
-1.262400000000000055e+01 4.710000000000000298e-02
-1.258259999999999934e+01 7.370000000000000162e-02
-1.254110000000000014e+01 9.679999999999999716e-02
-1.249960000000000093e+01 1.164000000000000035e-01
-1.245819999999999972e+01 1.325000000000000067e-01
-1.241670000000000051e+01 1.451000000000000068e-01
-1.237519999999999953e+01 1.549000000000000099e-01
-1.233370000000000033e+01 1.638999999999999901e-01
-1.229230000000000089e+01 1.700000000000000122e-01
-1.225079999999999991e+01 1.733999999999999986e-01
-1.220930000000000071e+01 1.738999999999999990e-01
-1.216779999999999973e+01 1.716999999999999915e-01
-1.212640000000000029e+01 1.729999999999999871e-01
-1.208490000000000109e+01 1.875999999999999890e-01
-1.204340000000000011e+01 2.031000000000000028e-01
-1.200189999999999912e+01 2.195999999999999897e-01
-1.196049999999999969e+01 2.369999999999999885e-01
-1.191900000000000048e+01 2.554000000000000159e-01
-1.187749999999999950e+01 2.746999999999999997e-01
-1.183610000000000007e+01 2.949999999999999845e-01
-1.179459999999999908e+01 3.160999999999999921e-01
-1.175309999999999988e+01 3.382999999999999896e-01
-1.171160000000000068e+01 3.613000000000000100e-01
-1.167019999999999946e+01 3.852999999999999758e-01
-1.162870000000000026e+01 4.102999999999999980e-01
-1.158719999999999928e+01 4.253000000000000114e-01
-1.154570000000000007e+01 4.425000000000000044e-01
-1.150430000000000064e+01 4.646000000000000130e-01
-1.146279999999999966e+01 4.914999999999999925e-01
-1.142130000000000045e+01 5.232999999999999874e-01
-1.137979999999999947e+01 5.598999999999999533e-01
-1.133840000000000003e+01 6.012999999999999456e-01
-1.129690000000000083e+01 7.539000000000000146e-01
-1.125539999999999985e+01 8.528000000000000025e-01
-1.121400000000000041e+01 9.225999999999999757e-01
-1.117249999999999943e+01 9.633000000000000451e-01
-1.113100000000000023e+01 9.749999999999999778e-01
-1.108950000000000102e+01 9.576000000000000068e-01
-1.104809999999999981e+01 9.111000000000000210e-01
-1.100660000000000061e+01 8.356000000000000094e-01
-1.096509999999999962e+01 7.355000000000000426e-01
-1.092360000000000042e+01 6.933000000000000274e-01
-1.088220000000000098e+01 6.532000000000000028e-01
-1.084070000000000000e+01 6.150999999999999801e-01
-1.079920000000000080e+01 5.790999999999999481e-01
-1.075769999999999982e+01 5.452000000000000179e-01
-1.071630000000000038e+01 5.131999999999999895e-01
-1.067479999999999940e+01 4.833999999999999964e-01
-1.063330000000000020e+01 4.556000000000000050e-01
-1.059190000000000076e+01 4.299000000000000044e-01
-1.055039999999999978e+01 4.062000000000000055e-01
-1.050890000000000057e+01 3.845000000000000084e-01
-1.046739999999999959e+01 3.649000000000000021e-01
-1.042600000000000016e+01 3.473999999999999866e-01
-1.038449999999999918e+01 3.317999999999999838e-01
-1.034299999999999997e+01 3.225999999999999979e-01
-1.030150000000000077e+01 3.166999999999999815e-01
-1.026009999999999955e+01 3.110999999999999877e-01
-1.021860000000000035e+01 3.057000000000000273e-01
-1.017709999999999937e+01 3.005999999999999783e-01
-1.013569999999999993e+01 2.957000000000000184e-01
-1.009420000000000073e+01 2.911000000000000254e-01
-1.005269999999999975e+01 2.867000000000000104e-01
-1.001120000000000054e+01 2.826000000000000179e-01
-9.969799999999999329e+00 2.787000000000000033e-01
-9.928300000000000125e+00 2.751000000000000112e-01
-9.886800000000000921e+00 2.716999999999999971e-01
-9.845299999999999940e+00 2.685000000000000164e-01
-9.803900000000000503e+00 2.656000000000000028e-01
-9.762399999999999523e+00 2.630000000000000115e-01
-9.720900000000000318e+00 2.605999999999999983e-01
-9.679399999999999338e+00 2.582999999999999741e-01
-9.637999999999999901e+00 2.561999999999999833e-01
-9.596500000000000696e+00 2.541999999999999815e-01
-9.554999999999999716e+00 2.521999999999999797e-01
-9.513600000000000279e+00 2.504000000000000115e-01
-9.472099999999999298e+00 2.487000000000000044e-01
-9.430600000000000094e+00 2.470999999999999863e-01
-9.389100000000000890e+00 2.456000000000000127e-01
-9.347699999999999676e+00 2.442999999999999894e-01
-9.306200000000000472e+00 2.429999999999999938e-01
-9.264699999999999491e+00 2.417999999999999872e-01
-9.223200000000000287e+00 2.407999999999999863e-01
-9.181800000000000850e+00 2.399000000000000021e-01
-9.140299999999999869e+00 2.389999999999999902e-01
-9.098800000000000665e+00 2.383000000000000118e-01
-9.057299999999999685e+00 2.853999999999999870e-01
-9.015900000000000247e+00 2.903999999999999915e-01
-8.974399999999999267e+00 2.969999999999999862e-01
-8.932900000000000063e+00 3.009999999999999898e-01
-8.891500000000000625e+00 3.066999999999999726e-01
-8.849999999999999645e+00 3.139000000000000123e-01
-8.808500000000000441e+00 3.227999999999999758e-01
-8.766999999999999460e+00 3.332999999999999852e-01
-8.725600000000000023e+00 3.453999999999999848e-01
-8.684100000000000819e+00 3.590999999999999748e-01
-8.642599999999999838e+00 3.741999999999999771e-01
-8.601100000000000634e+00 3.907999999999999807e-01
-8.559699999999999420e+00 4.089999999999999747e-01
-8.518200000000000216e+00 4.289000000000000035e-01
-8.476700000000001012e+00 4.495000000000000107e-01
-8.435200000000000031e+00 4.681000000000000161e-01
-8.393800000000000594e+00 4.844999999999999862e-01
-8.352299999999999613e+00 4.985999999999999877e-01
-8.310800000000000409e+00 5.104999999999999538e-01
-8.269400000000000972e+00 5.202999999999999847e-01
-8.227899999999999991e+00 5.276999999999999469e-01
-8.186400000000000787e+00 5.330000000000000293e-01
-8.144899999999999807e+00 5.360000000000000320e-01
-8.103500000000000369e+00 5.358000000000000540e-01
-8.061999999999999389e+00 5.315999999999999615e-01
-8.020500000000000185e+00 5.282999999999999918e-01
-7.979000000000000092e+00 5.260000000000000231e-01
-7.937599999999999767e+00 5.247000000000000552e-01
-7.896100000000000563e+00 5.243999999999999773e-01
-7.854599999999999582e+00 5.250000000000000222e-01
-7.813100000000000378e+00 5.325999999999999623e-01
-7.771700000000000053e+00 5.713000000000000300e-01
-7.730199999999999960e+00 5.967999999999999972e-01
-7.688699999999999868e+00 6.091999999999999638e-01
-7.647299999999999542e+00 6.085000000000000409e-01
-7.605800000000000338e+00 5.947000000000000064e-01
-7.564300000000000246e+00 5.676999999999999824e-01
-7.522800000000000153e+00 5.275999999999999579e-01
-7.481400000000000716e+00 5.262000000000000011e-01
-7.439899999999999736e+00 5.265999999999999570e-01
-7.398400000000000531e+00 5.275999999999999579e-01
-7.356899999999999551e+00 5.292000000000000037e-01
-7.315500000000000114e+00 5.312999999999999945e-01
-7.274000000000000021e+00 5.339000000000000412e-01
-7.232499999999999929e+00 5.371000000000000218e-01
-7.191100000000000492e+00 5.407999999999999474e-01
-7.149599999999999511e+00 5.451000000000000290e-01
-7.108100000000000307e+00 5.499000000000000554e-01
-7.066600000000000215e+00 5.553000000000000158e-01
-7.025199999999999889e+00 5.612000000000000322e-01
-6.983700000000000685e+00 5.675999999999999934e-01
-6.942199999999999704e+00 5.683000000000000274e-01
-6.900700000000000500e+00 5.628999999999999559e-01
-6.859300000000000175e+00 5.611000000000000432e-01
-6.817800000000000082e+00 6.111999999999999655e-01
-6.776299999999999990e+00 6.624999999999999778e-01
-6.734799999999999898e+00 7.150999999999999579e-01
-6.693400000000000460e+00 7.690000000000000169e-01
-6.651899999999999480e+00 8.239999999999999547e-01
-6.610400000000000276e+00 8.803999999999999604e-01
-6.568999999999999950e+00 9.378999999999999559e-01
-6.527499999999999858e+00 7.357000000000000206e-01
-6.486000000000000654e+00 7.433999999999999497e-01
-6.444499999999999673e+00 7.517000000000000348e-01
-6.403100000000000236e+00 7.607000000000000428e-01
-6.361600000000000144e+00 7.704999999999999627e-01
-6.320100000000000051e+00 7.810000000000000275e-01
-6.278599999999999959e+00 7.765999999999999570e-01
-6.237199999999999633e+00 7.891000000000000236e-01
-6.195700000000000429e+00 8.034000000000000030e-01
-6.154199999999999449e+00 8.194000000000000172e-01
-6.112700000000000244e+00 8.372000000000000552e-01
-6.071299999999999919e+00 8.941999999999999948e-01
-6.029799999999999827e+00 9.903999999999999471e-01
-5.988300000000000622e+00 9.475999999999999979e-01
-5.946900000000000297e+00 7.936999999999999611e-01
-5.905400000000000205e+00 7.872000000000000108e-01
-5.863900000000000112e+00 7.812999999999999945e-01
-5.822400000000000020e+00 7.762000000000000011e-01
-5.781000000000000583e+00 7.718000000000000416e-01
-5.739499999999999602e+00 7.681999999999999940e-01
-5.698000000000000398e+00 7.652999999999999803e-01
-5.656500000000000306e+00 7.631000000000000005e-01
-5.615099999999999980e+00 7.616000000000000547e-01
-5.573599999999999888e+00 7.606000000000000538e-01
-5.532099999999999795e+00 7.597000000000000419e-01
-5.490599999999999703e+00 7.589000000000000190e-01
-5.449200000000000266e+00 7.580999999999999961e-01
-5.407700000000000173e+00 7.573999999999999622e-01
-5.366200000000000081e+00 7.568000000000000282e-01
-5.324799999999999756e+00 7.561999999999999833e-01
-5.283299999999999663e+00 7.557000000000000384e-01
-5.241800000000000459e+00 7.541999999999999815e-01
-5.200300000000000367e+00 7.513999999999999568e-01
-5.158900000000000041e+00 7.499000000000000110e-01
-5.117399999999999949e+00 7.497000000000000330e-01
-5.075899999999999856e+00 7.508000000000000229e-01
-5.034399999999999764e+00 7.532999999999999696e-01
-4.993000000000000327e+00 7.571999999999999842e-01
-4.951500000000000234e+00 7.620000000000000107e-01
-4.910000000000000142e+00 7.682999999999999829e-01
-4.868599999999999817e+00 7.671999999999999931e-01
-4.827099999999999724e+00 7.677000000000000490e-01
-4.785600000000000520e+00 7.693999999999999728e-01
-4.744100000000000428e+00 7.710000000000000187e-01
-4.702700000000000102e+00 7.723999999999999755e-01
-4.661200000000000010e+00 7.734999999999999654e-01
-4.619699999999999918e+00 7.742999999999999883e-01
-4.578199999999999825e+00 7.748000000000000442e-01
-4.536800000000000388e+00 7.749000000000000332e-01
-4.495300000000000296e+00 7.745999999999999552e-01
-4.453800000000000203e+00 7.740000000000000213e-01
-4.412300000000000111e+00 7.730000000000000204e-01
-4.370899999999999785e+00 7.715999999999999526e-01
-4.329399999999999693e+00 7.699000000000000288e-01
-4.287900000000000489e+00 7.678000000000000380e-01
-4.246500000000000163e+00 7.652999999999999803e-01
-4.205000000000000071e+00 7.624999999999999556e-01
-4.163499999999999979e+00 7.592999999999999750e-01
-4.121999999999999886e+00 7.557000000000000384e-01
-4.080600000000000449e+00 7.517000000000000348e-01
-4.039100000000000357e+00 7.473999999999999533e-01
-3.997600000000000264e+00 7.427000000000000268e-01
-3.956100000000000172e+00 7.377000000000000224e-01
-3.914699999999999847e+00 7.322999999999999510e-01
-3.873199999999999754e+00 7.268000000000000016e-01
-3.831699999999999662e+00 7.214000000000000412e-01
-3.790200000000000458e+00 7.160999999999999588e-01
-3.748800000000000132e+00 7.109999999999999654e-01
-3.707300000000000040e+00 7.074000000000000288e-01
-3.665799999999999947e+00 7.050999999999999490e-01
-3.624400000000000510e+00 7.042000000000000481e-01
-3.582900000000000418e+00 7.047999999999999821e-01
-3.541400000000000325e+00 7.066999999999999948e-01
-3.499900000000000233e+00 7.100999999999999535e-01
-3.458499999999999908e+00 7.148999999999999799e-01
-3.416999999999999815e+00 7.210999999999999632e-01
-3.375499999999999723e+00 7.243000000000000549e-01
-3.334000000000000519e+00 7.217000000000000082e-01
-3.292600000000000193e+00 7.174000000000000377e-01
-3.251100000000000101e+00 7.064000000000000279e-01
-3.209600000000000009e+00 6.945999999999999952e-01
-3.168099999999999916e+00 6.818999999999999506e-01
-3.126700000000000479e+00 6.683000000000000052e-01
-3.085200000000000387e+00 6.538000000000000478e-01
-3.043700000000000294e+00 6.384999999999999565e-01
-3.002299999999999969e+00 6.221999999999999753e-01
-2.960799999999999876e+00 6.049999999999999822e-01
-2.919299999999999784e+00 5.855000000000000204e-01
-2.877799999999999692e+00 5.651000000000000467e-01
-2.836400000000000254e+00 5.439000000000000501e-01
-2.794900000000000162e+00 5.219000000000000306e-01
-2.753400000000000070e+00 4.989999999999999991e-01
-2.711899999999999977e+00 4.753000000000000003e-01
-2.670500000000000540e+00 4.591000000000000081e-01
-2.629000000000000448e+00 4.475999999999999979e-01
-2.587500000000000355e+00 4.359000000000000097e-01
-2.546000000000000263e+00 4.239999999999999880e-01
-2.504599999999999937e+00 4.117999999999999994e-01
-2.463099999999999845e+00 3.992999999999999883e-01
-2.421599999999999753e+00 3.864000000000000212e-01
-2.380200000000000315e+00 3.731999999999999762e-01
-2.338700000000000223e+00 3.597000000000000197e-01
-2.297200000000000131e+00 3.457999999999999963e-01
-2.255700000000000038e+00 3.320000000000000173e-01
-2.214299999999999713e+00 3.191999999999999837e-01
-2.172800000000000509e+00 3.074999999999999956e-01
-2.131300000000000416e+00 2.968000000000000083e-01
-2.089800000000000324e+00 2.872000000000000108e-01
-2.048399999999999999e+00 2.787000000000000033e-01
-2.006899999999999906e+00 2.711999999999999966e-01
-1.965399999999999814e+00 2.644000000000000239e-01
-1.924000000000000377e+00 2.575999999999999956e-01
-1.882500000000000284e+00 2.510000000000000009e-01
-1.841000000000000192e+00 2.446000000000000119e-01
-1.799500000000000099e+00 2.381999999999999951e-01
-1.758099999999999774e+00 2.320000000000000118e-01
-1.716599999999999682e+00 2.260000000000000064e-01
-1.675100000000000477e+00 2.200000000000000011e-01
-1.633599999999999497e+00 2.142999999999999905e-01
-1.592200000000000060e+00 2.086999999999999966e-01
-1.550700000000000855e+00 2.033999999999999975e-01
-1.509199999999999875e+00 1.983000000000000040e-01
-1.467700000000000671e+00 1.933999999999999886e-01
-1.426299999999999457e+00 1.885999999999999899e-01
-1.384800000000000253e+00 1.841000000000000136e-01
-1.343299999999999272e+00 1.797999999999999876e-01
-1.301899999999999835e+00 1.756999999999999951e-01
-1.260400000000000631e+00 1.718000000000000083e-01
-1.218899999999999650e+00 1.681999999999999884e-01
-1.177400000000000446e+00 1.647000000000000131e-01
-1.135999999999999233e+00 1.613999999999999879e-01
-1.094500000000000028e+00 1.582999999999999963e-01
-1.053000000000000824e+00 1.554999999999999993e-01
-1.011499999999999844e+00 1.527999999999999914e-01
-9.701000000000004064e-01 1.491999999999999993e-01
-9.285999999999994259e-01 1.401999999999999913e-01
-8.871000000000002217e-01 1.252000000000000057e-01
-8.455999999999992411e-01 1.043000000000000038e-01
-8.041999999999998039e-01 7.749999999999999944e-02
-7.627000000000005997e-01 6.969999999999999807e-02
-7.211999999999996191e-01 6.230000000000000121e-02
-6.798000000000001819e-01 5.539999999999999786e-02
-6.383000000000009777e-01 4.880000000000000310e-02
-5.967999999999999972e-01 4.270000000000000184e-02
-5.553000000000007930e-01 3.699999999999999817e-02
-5.138999999999995794e-01 3.160000000000000309e-02
-4.724000000000003752e-01 2.670000000000000151e-02
-4.308999999999993946e-01 2.220000000000000098e-02
-3.894000000000001904e-01 1.820000000000000090e-02
-3.480000000000007532e-01 1.450000000000000074e-02
-3.064999999999997726e-01 1.129999999999999928e-02
-2.650000000000005684e-01 8.399999999999999481e-03
-2.234999999999995879e-01 6.000000000000000125e-03
-1.821000000000001506e-01 4.000000000000000083e-03
-1.406000000000009464e-01 2.399999999999999790e-03
-9.909999999999996589e-02 1.199999999999999895e-03
-5.770000000000052864e-02 4.000000000000000192e-04
-1.619999999999954809e-02 0.000000000000000000e+00
2.529999999999965610e-02 0.000000000000000000e+00
6.680000000000063665e-02 0.000000000000000000e+00
1.082000000000000739e-01 0.000000000000000000e+00
1.496999999999992781e-01 0.000000000000000000e+00
1.912000000000002586e-01 0.000000000000000000e+00
2.326999999999994628e-01 0.000000000000000000e+00
2.741000000000006764e-01 0.000000000000000000e+00
3.155999999999998806e-01 0.000000000000000000e+00
3.570999999999990848e-01 0.000000000000000000e+00
3.985000000000002984e-01 0.000000000000000000e+00
4.399999999999995026e-01 0.000000000000000000e+00
4.815000000000004832e-01 0.000000000000000000e+00
5.229999999999996874e-01 0.000000000000000000e+00
5.643999999999991246e-01 0.000000000000000000e+00
6.059000000000001052e-01 0.000000000000000000e+00
6.473999999999993094e-01 0.000000000000000000e+00
6.889000000000002899e-01 0.000000000000000000e+00
7.302999999999997272e-01 0.000000000000000000e+00
7.718000000000007077e-01 0.000000000000000000e+00
8.132999999999999119e-01 0.000000000000000000e+00
8.547999999999991161e-01 0.000000000000000000e+00
8.962000000000003297e-01 0.000000000000000000e+00
9.376999999999995339e-01 0.000000000000000000e+00
9.792000000000005144e-01 0.000000000000000000e+00
1.020599999999999952e+00 0.000000000000000000e+00
1.062099999999999156e+00 0.000000000000000000e+00
1.103600000000000136e+00 0.000000000000000000e+00
1.145099999999999341e+00 0.000000000000000000e+00
1.186500000000000554e+00 0.000000000000000000e+00
1.227999999999999758e+00 0.000000000000000000e+00
1.269500000000000739e+00 0.000000000000000000e+00
1.310999999999999943e+00 0.000000000000000000e+00
1.352399999999999380e+00 0.000000000000000000e+00
1.393900000000000361e+00 0.000000000000000000e+00
1.435399999999999565e+00 0.000000000000000000e+00
1.476900000000000546e+00 0.000000000000000000e+00
1.518299999999999983e+00 0.000000000000000000e+00
1.559799999999999187e+00 0.000000000000000000e+00
1.601300000000000168e+00 0.000000000000000000e+00
1.642699999999999605e+00 0.000000000000000000e+00
1.684200000000000585e+00 0.000000000000000000e+00
1.725699999999999790e+00 0.000000000000000000e+00
1.767200000000000770e+00 0.000000000000000000e+00
1.808600000000000207e+00 0.000000000000000000e+00
1.850099999999999412e+00 0.000000000000000000e+00
1.891600000000000392e+00 0.000000000000000000e+00
1.933099999999999596e+00 0.000000000000000000e+00
1.974499999999999034e+00 0.000000000000000000e+00
2.016000000000000014e+00 0.000000000000000000e+00
2.057499999999999218e+00 0.000000000000000000e+00
2.099000000000000199e+00 0.000000000000000000e+00
2.140399999999999636e+00 0.000000000000000000e+00
2.181900000000000617e+00 0.000000000000000000e+00
2.223399999999999821e+00 0.000000000000000000e+00
2.264799999999999258e+00 0.000000000000000000e+00
2.306300000000000239e+00 0.000000000000000000e+00
2.347799999999999443e+00 0.000000000000000000e+00
2.389300000000000423e+00 0.000000000000000000e+00
2.430699999999999861e+00 0.000000000000000000e+00
2.472199999999999065e+00 0.000000000000000000e+00
2.513700000000000045e+00 0.000000000000000000e+00
2.555199999999999250e+00 0.000000000000000000e+00
2.596600000000000463e+00 0.000000000000000000e+00
2.638099999999999667e+00 0.000000000000000000e+00
2.679600000000000648e+00 0.000000000000000000e+00
2.721099999999999852e+00 0.000000000000000000e+00
2.762499999999999289e+00 0.000000000000000000e+00
2.804000000000000270e+00 0.000000000000000000e+00
2.845499999999999474e+00 0.000000000000000000e+00
2.886900000000000688e+00 0.000000000000000000e+00
2.928399999999999892e+00 0.000000000000000000e+00
2.969899999999999096e+00 0.000000000000000000e+00
3.011400000000000077e+00 0.000000000000000000e+00
3.052799999999999514e+00 0.000000000000000000e+00
3.094300000000000495e+00 0.000000000000000000e+00
3.135799999999999699e+00 0.000000000000000000e+00
3.177300000000000679e+00 0.000000000000000000e+00
3.218700000000000117e+00 0.000000000000000000e+00
3.260199999999999321e+00 0.000000000000000000e+00
3.301700000000000301e+00 0.000000000000000000e+00
3.343099999999999739e+00 0.000000000000000000e+00
3.384600000000000719e+00 0.000000000000000000e+00
3.426099999999999923e+00 0.000000000000000000e+00
3.467599999999999127e+00 0.000000000000000000e+00
3.509000000000000341e+00 0.000000000000000000e+00
3.550499999999999545e+00 0.000000000000000000e+00
3.592000000000000526e+00 0.000000000000000000e+00
3.633499999999999730e+00 0.000000000000000000e+00
3.674899999999999167e+00 0.000000000000000000e+00
3.716400000000000148e+00 0.000000000000000000e+00
3.757899999999999352e+00 0.000000000000000000e+00
3.799400000000000333e+00 0.000000000000000000e+00
3.840799999999999770e+00 0.000000000000000000e+00
3.882300000000000750e+00 0.000000000000000000e+00
3.923799999999999955e+00 0.000000000000000000e+00
3.965199999999999392e+00 0.000000000000000000e+00
4.006700000000000372e+00 0.000000000000000000e+00
4.048199999999999577e+00 0.000000000000000000e+00
4.089700000000000557e+00 0.000000000000000000e+00
4.131099999999999994e+00 0.000000000000000000e+00
4.172599999999999199e+00 0.000000000000000000e+00
4.214100000000000179e+00 0.000000000000000000e+00
4.255599999999999383e+00 6.999999999999999929e-04
4.297000000000000597e+00 1.069999999999999944e-02
4.338499999999999801e+00 2.139999999999999888e-02
4.380000000000000782e+00 3.189999999999999780e-02
4.421499999999999986e+00 4.209999999999999853e-02
4.462899999999999423e+00 5.210000000000000048e-02
4.504400000000000404e+00 6.199999999999999956e-02
4.545899999999999608e+00 7.159999999999999698e-02
4.587299999999999045e+00 8.100000000000000255e-02
4.628800000000000026e+00 9.020000000000000240e-02
4.670299999999999230e+00 9.919999999999999651e-02
4.711800000000000210e+00 1.079999999999999988e-01
4.753199999999999648e+00 1.165999999999999953e-01
4.794700000000000628e+00 1.250000000000000000e-01
4.836199999999999832e+00 1.332000000000000128e-01
4.877699999999999037e+00 1.411000000000000032e-01
4.919100000000000250e+00 1.489000000000000046e-01
4.960599999999999454e+00 1.565000000000000002e-01
5.002100000000000435e+00 1.638000000000000012e-01
5.043599999999999639e+00 1.710000000000000131e-01
5.084999999999999076e+00 1.791999999999999982e-01
5.126500000000000057e+00 1.877000000000000057e-01
5.167999999999999261e+00 1.963000000000000023e-01
5.209400000000000475e+00 2.049999999999999878e-01
5.250899999999999679e+00 2.151000000000000134e-01
5.292400000000000659e+00 2.253999999999999893e-01
5.333899999999999864e+00 2.359999999999999876e-01
5.375299999999999301e+00 2.467999999999999916e-01
5.416800000000000281e+00 2.579000000000000181e-01
5.458299999999999486e+00 2.692999999999999838e-01
5.499800000000000466e+00 2.807999999999999940e-01
5.541199999999999903e+00 2.927000000000000157e-01
5.582699999999999108e+00 3.047000000000000264e-01
5.624200000000000088e+00 3.169000000000000150e-01
5.665599999999999525e+00 3.289000000000000257e-01
5.707100000000000506e+00 3.417999999999999927e-01
5.748599999999999710e+00 3.551000000000000267e-01
5.790100000000000691e+00 3.684000000000000052e-01
5.831500000000000128e+00 3.816999999999999837e-01
5.872999999999999332e+00 3.950000000000000178e-01
5.914500000000000313e+00 4.081000000000000183e-01
5.955999999999999517e+00 4.208000000000000074e-01
5.997400000000000730e+00 4.333000000000000185e-01
6.038899999999999935e+00 4.456999999999999851e-01
6.080399999999999139e+00 4.577999999999999847e-01
6.121900000000000119e+00 4.694999999999999729e-01
6.163299999999999557e+00 4.812000000000000166e-01
6.204800000000000537e+00 4.929000000000000048e-01
6.246299999999999741e+00 5.046000000000000485e-01
6.287699999999999179e+00 5.162999999999999812e-01
6.329200000000000159e+00 5.279000000000000359e-01
6.370699999999999363e+00 5.394999999999999796e-01
6.412199999999998568e+00 5.512000000000000233e-01
6.453600000000001558e+00 5.627999999999999670e-01
6.495100000000000762e+00 5.743000000000000327e-01
6.536599999999999966e+00 5.858999999999999764e-01
6.578099999999999170e+00 5.975000000000000311e-01
6.619499999999998607e+00 6.089999999999999858e-01
6.661000000000001364e+00 6.161999999999999700e-01
6.702500000000000568e+00 6.222999999999999643e-01
6.743999999999999773e+00 6.290000000000000036e-01
6.785399999999999210e+00 6.362999999999999767e-01
6.826899999999998414e+00 6.442999999999999838e-01
6.868400000000001171e+00 6.528000000000000469e-01
6.909800000000000608e+00 6.620000000000000329e-01
6.951299999999999812e+00 6.717999999999999527e-01
6.992799999999999017e+00 6.826999999999999735e-01
7.034299999999998221e+00 6.961000000000000520e-01
7.075700000000001211e+00 7.126000000000000112e-01
7.117200000000000415e+00 7.332999999999999519e-01
7.158699999999999619e+00 7.579000000000000181e-01
7.200199999999998823e+00 7.865999999999999659e-01
7.241599999999998261e+00 8.189999999999999503e-01
7.283100000000001017e+00 8.531999999999999584e-01
7.324600000000000222e+00 8.885999999999999455e-01
7.366099999999999426e+00 9.250000000000000444e-01
7.407499999999998863e+00 9.625000000000000222e-01
7.449000000000001620e+00 1.001200000000000090e+00
7.490500000000000824e+00 1.040999999999999925e+00
7.531900000000000261e+00 1.081800000000000095e+00
7.573399999999999466e+00 1.123799999999999910e+00
7.614899999999998670e+00 1.166900000000000048e+00
7.656400000000001427e+00 1.211000000000000076e+00
7.697800000000000864e+00 1.256299999999999972e+00
7.739300000000000068e+00 1.288300000000000001e+00
7.780799999999999272e+00 1.302799999999999958e+00
7.822299999999998477e+00 1.311199999999999921e+00
7.863700000000001467e+00 1.313299999999999912e+00
7.905200000000000671e+00 1.309399999999999897e+00
7.946699999999999875e+00 1.299299999999999899e+00
7.988199999999999079e+00 1.282999999999999918e+00
8.029599999999998516e+00 1.260599999999999943e+00
8.071100000000001273e+00 1.231800000000000006e+00
8.112600000000000477e+00 1.196299999999999919e+00
8.153999999999999915e+00 1.124400000000000066e+00
8.195499999999999119e+00 1.088600000000000012e+00
8.236999999999998323e+00 1.003200000000000092e+00
8.278500000000001080e+00 8.673999999999999488e-01
8.319900000000000517e+00 6.812000000000000277e-01
8.361399999999999721e+00 4.618999999999999773e-01
8.402899999999998926e+00 4.133000000000000007e-01
8.444399999999998130e+00 3.927999999999999825e-01
8.485800000000001120e+00 4.149999999999999800e-01
8.527300000000000324e+00 4.447999999999999732e-01
8.568799999999999528e+00 4.753000000000000003e-01
8.610199999999998965e+00 5.067000000000000393e-01
8.651699999999998170e+00 5.389000000000000457e-01
8.693200000000000927e+00 5.688999999999999613e-01
8.734700000000000131e+00 5.904000000000000359e-01
8.776099999999999568e+00 6.137000000000000233e-01
8.817599999999998772e+00 6.373999999999999666e-01
8.859100000000001529e+00 6.614999999999999769e-01
8.900600000000000733e+00 6.861000000000000432e-01
8.942000000000000171e+00 7.112000000000000544e-01
8.983499999999999375e+00 7.367000000000000215e-01
9.024999999999998579e+00 7.625999999999999446e-01
9.066500000000001336e+00 7.890000000000000346e-01
9.107900000000000773e+00 8.157999999999999696e-01
9.149399999999999977e+00 8.425000000000000266e-01
9.190899999999999181e+00 8.690999999999999837e-01
9.232299999999998619e+00 8.955999999999999517e-01
9.273800000000001376e+00 9.220000000000000417e-01
9.315300000000000580e+00 9.483000000000000318e-01
9.356799999999999784e+00 9.745000000000000329e-01
9.398199999999999221e+00 1.000699999999999923e+00
9.439699999999998425e+00 1.026699999999999946e+00
9.481200000000001182e+00 1.052599999999999980e+00
9.522700000000000387e+00 1.078500000000000014e+00
9.564099999999999824e+00 1.104200000000000070e+00
9.605599999999999028e+00 1.129899999999999904e+00
9.647099999999998232e+00 1.155399999999999983e+00
9.688600000000000989e+00 1.414299999999999891e+00
9.730000000000000426e+00 1.614600000000000035e+00
9.771499999999999631e+00 1.502899999999999903e+00
9.812999999999998835e+00 1.429300000000000015e+00
9.854399999999998272e+00 1.393399999999999972e+00
9.895900000000001029e+00 1.356300000000000061e+00
9.937400000000000233e+00 1.300599999999999978e+00
9.978899999999999437e+00 1.225899999999999990e+00
1.002029999999999887e+01 1.152900000000000036e+00
1.006180000000000163e+01 1.081399999999999917e+00
1.010330000000000084e+01 1.012399999999999967e+00
1.014480000000000004e+01 9.457999999999999741e-01
1.018619999999999948e+01 8.840000000000000080e-01
1.022769999999999868e+01 8.309999999999999609e-01
1.026920000000000144e+01 7.876999999999999558e-01
1.031070000000000064e+01 7.540999999999999925e-01
1.035210000000000008e+01 7.301999999999999602e-01
1.039359999999999928e+01 7.158999999999999808e-01
1.043509999999999849e+01 7.046999999999999931e-01
1.047650000000000148e+01 6.921000000000000485e-01
1.051800000000000068e+01 6.778999999999999471e-01
1.055949999999999989e+01 6.572000000000000064e-01
1.060099999999999909e+01 6.352999999999999758e-01
1.064239999999999853e+01 6.231999999999999762e-01
1.068390000000000128e+01 6.114000000000000545e-01
1.072540000000000049e+01 5.997999999999999998e-01
1.076689999999999969e+01 5.886000000000000121e-01
1.080829999999999913e+01 5.776999999999999913e-01
1.084979999999999833e+01 5.669999999999999485e-01
1.089130000000000109e+01 5.566999999999999726e-01
1.093270000000000053e+01 5.466999999999999638e-01
1.097419999999999973e+01 5.370000000000000329e-01
1.101569999999999894e+01 5.274999999999999689e-01
1.105719999999999814e+01 5.183999999999999719e-01
1.109860000000000113e+01 5.096000000000000529e-01
1.114010000000000034e+01 5.010999999999999899e-01
1.118159999999999954e+01 4.929000000000000048e-01
1.122309999999999874e+01 4.848999999999999977e-01
1.126449999999999818e+01 4.772000000000000131e-01
1.130600000000000094e+01 4.697000000000000064e-01
1.134750000000000014e+01 4.623999999999999777e-01
1.138899999999999935e+01 4.552999999999999825e-01
1.143039999999999878e+01 4.482999999999999763e-01
1.147190000000000154e+01 4.413000000000000256e-01
1.151340000000000074e+01 4.345999999999999863e-01
1.155480000000000018e+01 4.279000000000000026e-01
1.159629999999999939e+01 4.213000000000000078e-01
1.163779999999999859e+01 4.148999999999999910e-01
1.167930000000000135e+01 4.086000000000000187e-01
1.172070000000000078e+01 4.023999999999999799e-01
1.176219999999999999e+01 3.783000000000000251e-01
1.180369999999999919e+01 3.730999999999999872e-01
1.184519999999999840e+01 3.667000000000000259e-01
1.188660000000000139e+01 3.589999999999999858e-01
1.192810000000000059e+01 3.499999999999999778e-01
1.196959999999999980e+01 3.397000000000000020e-01
1.201109999999999900e+01 3.281999999999999917e-01
1.205249999999999844e+01 3.153000000000000247e-01
1.209400000000000119e+01 3.012000000000000233e-01
1.213550000000000040e+01 2.862999999999999989e-01
1.217689999999999984e+01 2.878999999999999893e-01
1.221839999999999904e+01 2.897000000000000131e-01
1.225989999999999824e+01 2.916000000000000258e-01
1.230140000000000100e+01 2.934999999999999831e-01
1.234280000000000044e+01 3.271000000000000019e-01
1.238429999999999964e+01 4.249999999999999889e-01
1.242579999999999885e+01 5.028000000000000247e-01
1.246730000000000160e+01 5.604999999999999982e-01
1.250870000000000104e+01 5.980999999999999650e-01
1.255020000000000024e+01 6.155000000000000471e-01
1.259169999999999945e+01 6.129000000000000004e-01
1.263319999999999865e+01 5.965000000000000302e-01
1.267460000000000164e+01 5.987000000000000099e-01
1.271610000000000085e+01 7.432999999999999607e-01
1.275760000000000005e+01 1.074600000000000000e+00
1.279899999999999949e+01 1.301900000000000057e+00
1.284049999999999869e+01 1.425400000000000000e+00
1.288200000000000145e+01 1.378300000000000081e+00
1.292350000000000065e+01 1.314899999999999958e+00
1.296490000000000009e+01 1.260899999999999910e+00
1.300639999999999930e+01 1.216299999999999937e+00
1.304789999999999850e+01 1.181300000000000017e+00
1.308940000000000126e+01 1.157499999999999973e+00
1.313080000000000069e+01 1.144900000000000029e+00
1.317229999999999990e+01 1.108500000000000041e+00
1.321379999999999910e+01 1.078200000000000047e+00
1.325529999999999831e+01 1.049900000000000055e+00
1.329670000000000130e+01 1.022599999999999953e+00
1.333820000000000050e+01 9.960999999999999854e-01
1.337969999999999970e+01 9.704000000000000403e-01
1.342109999999999914e+01 9.456999999999999851e-01
1.346259999999999835e+01 9.217999999999999527e-01
1.350410000000000110e+01 8.988000000000000433e-01
1.354560000000000031e+01 8.767000000000000348e-01
1.358699999999999974e+01 9.075999999999999623e-01
1.362849999999999895e+01 9.145999999999999686e-01
1.366999999999999815e+01 9.310000000000000497e-01
1.371150000000000091e+01 8.581999999999999629e-01
1.375290000000000035e+01 9.086999999999999522e-01
1.379439999999999955e+01 9.719999999999999751e-01
1.383589999999999876e+01 1.044499999999999984e+00
1.387729999999999819e+01 1.125399999999999956e+00
1.391880000000000095e+01 1.214599999999999902e+00
1.396030000000000015e+01 1.303199999999999914e+00
1.400179999999999936e+01 1.385399999999999965e+00
1.404319999999999879e+01 1.461200000000000054e+00
1.408470000000000155e+01 1.530699999999999950e+00
1.412620000000000076e+01 1.593900000000000095e+00
1.416769999999999996e+01 1.650700000000000056e+00
1.420909999999999940e+01 1.291500000000000092e+00
1.425059999999999860e+01 1.178800000000000070e+00
1.429210000000000136e+01 1.133199999999999985e+00
1.433360000000000056e+01 1.069700000000000095e+00
1.437500000000000000e+01 1.030599999999999961e+00
1.441649999999999920e+01 9.921999999999999709e-01
1.445799999999999841e+01 9.544000000000000261e-01
1.449940000000000140e+01 9.172000000000000153e-01
1.454090000000000060e+01 8.807000000000000384e-01
1.458239999999999981e+01 8.448999999999999844e-01
1.462389999999999901e+01 8.095999999999999863e-01
1.466529999999999845e+01 7.751000000000000112e-01
1.470680000000000121e+01 7.411999999999999700e-01
1.474830000000000041e+01 7.078999999999999737e-01
1.478979999999999961e+01 6.753000000000000114e-01
1.483119999999999905e+01 6.432999999999999829e-01
1.487269999999999825e+01 6.120999999999999774e-01
1.491420000000000101e+01 5.817999999999999838e-01
1.495570000000000022e+01 5.524000000000000021e-01
1.499709999999999965e+01 5.240000000000000213e-01
1.503859999999999886e+01 4.964999999999999969e-01
1.508010000000000161e+01 4.698999999999999844e-01
1.512150000000000105e+01 4.441999999999999837e-01
1.516300000000000026e+01 4.194999999999999840e-01
1.520449999999999946e+01 3.956000000000000072e-01
1.524599999999999866e+01 3.726999999999999758e-01
1.528740000000000165e+01 3.508000000000000007e-01
1.532890000000000086e+01 3.296999999999999931e-01
1.537040000000000006e+01 3.095999999999999863e-01
1.541189999999999927e+01 2.903999999999999915e-01
1.545329999999999870e+01 2.721000000000000085e-01
1.549480000000000146e+01 4.456999999999999851e-01
1.553630000000000067e+01 5.506999999999999673e-01
1.557779999999999987e+01 1.683999999999999941e-01
1.561919999999999931e+01 1.627000000000000113e-01
1.566069999999999851e+01 1.592000000000000082e-01
1.570220000000000127e+01 1.575000000000000011e-01
1.574360000000000070e+01 1.559999999999999998e-01
1.578509999999999991e+01 1.544999999999999984e-01
1.582659999999999911e+01 1.532000000000000028e-01
1.586809999999999832e+01 1.711999999999999911e-01
1.590950000000000131e+01 1.849000000000000088e-01
1.595100000000000051e+01 1.900999999999999912e-01
1.599249999999999972e+01 1.869000000000000106e-01
1.603399999999999892e+01 1.751999999999999946e-01
1.607539999999999836e+01 1.550999999999999879e-01
1.611690000000000111e+01 1.265000000000000013e-01
1.615840000000000032e+01 2.074999999999999900e-01
1.619979999999999976e+01 2.079999999999999905e-01
1.624129999999999896e+01 1.072000000000000036e-01
1.628279999999999816e+01 0.000000000000000000e+00
1.632430000000000092e+01 0.000000000000000000e+00
1.636570000000000036e+01 0.000000000000000000e+00
1.640719999999999956e+01 0.000000000000000000e+00
1.644869999999999877e+01 0.000000000000000000e+00
1.649020000000000152e+01 0.000000000000000000e+00
1.653160000000000096e+01 0.000000000000000000e+00
1.657310000000000016e+01 0.000000000000000000e+00
1.661459999999999937e+01 0.000000000000000000e+00
1.665609999999999857e+01 0.000000000000000000e+00
1.669750000000000156e+01 0.000000000000000000e+00
1.673900000000000077e+01 0.000000000000000000e+00
1.678049999999999997e+01 0.000000000000000000e+00
1.682189999999999941e+01 0.000000000000000000e+00
1.686339999999999861e+01 0.000000000000000000e+00
1.690490000000000137e+01 0.000000000000000000e+00
1.694640000000000057e+01 0.000000000000000000e+00
1.698780000000000001e+01 0.000000000000000000e+00
1.702929999999999922e+01 0.000000000000000000e+00
1.707079999999999842e+01 0.000000000000000000e+00
1.711230000000000118e+01 0.000000000000000000e+00
1.715370000000000061e+01 0.000000000000000000e+00
1.719519999999999982e+01 0.000000000000000000e+00
1.723669999999999902e+01 0.000000000000000000e+00
1.727819999999999823e+01 0.000000000000000000e+00
1.731960000000000122e+01 0.000000000000000000e+00
1.736110000000000042e+01 0.000000000000000000e+00
1.740259999999999962e+01 0.000000000000000000e+00
1.744399999999999906e+01 0.000000000000000000e+00
1.748549999999999827e+01 0.000000000000000000e+00
1.752700000000000102e+01 0.000000000000000000e+00
1.756850000000000023e+01 0.000000000000000000e+00
1.760989999999999966e+01 0.000000000000000000e+00
1.765139999999999887e+01 0.000000000000000000e+00
1.769290000000000163e+01 0.000000000000000000e+00
1.773440000000000083e+01 0.000000000000000000e+00
1.777580000000000027e+01 0.000000000000000000e+00
1.781729999999999947e+01 0.000000000000000000e+00
1.785879999999999868e+01 0.000000000000000000e+00
1.790030000000000143e+01 0.000000000000000000e+00
1.794170000000000087e+01 0.000000000000000000e+00
1.798320000000000007e+01 0.000000000000000000e+00
1.802469999999999928e+01 0.000000000000000000e+00
1.806609999999999872e+01 0.000000000000000000e+00
1.810760000000000147e+01 0.000000000000000000e+00
1.814910000000000068e+01 0.000000000000000000e+00
