#   Theta  Young's-Modulus  Shear-Modulus    Poisson's-Ratio
#   You can plot in 2d polar coordinates 
    0.000      5.2324           17.5748           0.8696
    0.500      5.2337           17.5131           0.8695
    1.000      5.2378           17.3308           0.8694
    1.500      5.2447           17.0354           0.8693
    2.000      5.2544           16.6389           0.8690
    2.500      5.2668           16.1562           0.8687
    3.000      5.2820           15.6040           0.8683
    3.500      5.3001           14.9996           0.8679
    4.000      5.3210           14.3597           0.8674
    4.500      5.3449           13.6995           0.8668
    5.000      5.3717           13.0323           0.8661
    5.500      5.4016           12.3692           0.8654
    6.000      5.4345           11.7190           0.8645
    6.500      5.4705           11.0886           0.8636
    7.000      5.5098           10.4829           0.8627
    7.500      5.5524            9.9050           0.8616
    8.000      5.5983            9.3571           0.8605
    8.500      5.6477            8.8400           0.8592
    9.000      5.7007            8.3537           0.8579
    9.500      5.7574            7.8980           0.8565
   10.000      5.8179            7.4717           0.8550
   10.500      5.8823            7.0737           0.8534
   11.000      5.9508            6.7025           0.8517
   11.500      6.0236            6.3567           0.8499
   12.000      6.1007            6.0346           0.8479
   12.500      6.1824            5.7348           0.8459
   13.000      6.2688            5.4557           0.8437
   13.500      6.3602            5.1958           0.8415
   14.000      6.4567            4.9538           0.8391
   14.500      6.5586            4.7283           0.8365
   15.000      6.6662            4.5181           0.8338
   15.500      6.7796            4.3221           0.8310
   16.000      6.8992            4.1391           0.8280
   16.500      7.0253            3.9682           0.8249
   17.000      7.1581            3.8085           0.8216
   17.500      7.2981            3.6592           0.8181
   18.000      7.4455            3.5194           0.8144
   18.500      7.6008            3.3885           0.8105
   19.000      7.7644            3.2658           0.8065
   19.500      7.9367            3.1507           0.8022
   20.000      8.1182            3.0427           0.7976
   20.500      8.3094            2.9412           0.7929
   21.000      8.5109            2.8459           0.7879
   21.500      8.7231            2.7562           0.7826
   22.000      8.9468            2.6718           0.7770
   22.500      9.1825            2.5923           0.7711
   23.000      9.4309            2.5174           0.7649
   23.500      9.6929            2.4468           0.7584
   24.000      9.9692            2.3802           0.7515
   24.500     10.2605            2.3173           0.7442
   25.000     10.5679            2.2580           0.7366
   25.500     10.8921            2.2020           0.7285
   26.000     11.2343            2.1491           0.7200
   26.500     11.5953            2.0990           0.7110
   27.000     11.9764            2.0518           0.7015
   27.500     12.3787            2.0071           0.6915
   28.000     12.8033            1.9648           0.6809
   28.500     13.2515            1.9248           0.6697
   29.000     13.7245            1.8871           0.6579
   29.500     14.2237            1.8513           0.6455
   30.000     14.7502            1.8175           0.6323
   30.500     15.3056            1.7856           0.6185
   31.000     15.8909            1.7554           0.6039
   31.500     16.5076            1.7269           0.5885
   32.000     17.1567            1.7000           0.5724
   32.500     17.8393            1.6746           0.5553
   33.000     18.5562            1.6507           0.5375
   33.500     19.3082            1.6281           0.5187
   34.000     20.0955            1.6069           0.4991
   34.500     20.9182            1.5869           0.4786
   35.000     21.7758            1.5682           0.4572
   35.500     22.6672            1.5506           0.4350
   36.000     23.5907            1.5342           0.4120
   36.500     24.5438            1.5188           0.3882
   37.000     25.5228            1.5045           0.3638
   37.500     26.5234            1.4913           0.3389
   38.000     27.5396            1.4790           0.3136
   38.500     28.5645            1.4677           0.2880
   39.000     29.5896            1.4573           0.2625
   39.500     30.6050            1.4479           0.2371
   40.000     31.5996            1.4393           0.2124
   40.500     32.5609            1.4316           0.1884
   41.000     33.4754            1.4247           0.1656
   41.500     34.3289            1.4187           0.1443
   42.000     35.1069            1.4136           0.1249
   42.500     35.7950            1.4092           0.1078
   43.000     36.3796            1.4056           0.0932
   43.500     36.8484            1.4029           0.0815
   44.000     37.1912            1.4009           0.0730
   44.500     37.4001            1.3997           0.0678
   45.000     37.4703            1.3993           0.0660
   45.500     37.4001            1.3997           0.0678
   46.000     37.1912            1.4009           0.0730
   46.500     36.8484            1.4029           0.0815
   47.000     36.3796            1.4056           0.0932
   47.500     35.7950            1.4092           0.1078
   48.000     35.1069            1.4136           0.1249
   48.500     34.3289            1.4187           0.1443
   49.000     33.4754            1.4247           0.1656
   49.500     32.5609            1.4316           0.1884
   50.000     31.5996            1.4393           0.2124
   50.500     30.6050            1.4479           0.2371
   51.000     29.5896            1.4573           0.2625
   51.500     28.5645            1.4677           0.2880
   52.000     27.5396            1.4790           0.3136
   52.500     26.5234            1.4913           0.3389
   53.000     25.5228            1.5045           0.3638
   53.500     24.5438            1.5188           0.3882
   54.000     23.5907            1.5342           0.4120
   54.500     22.6672            1.5506           0.4350
   55.000     21.7758            1.5682           0.4572
   55.500     20.9182            1.5869           0.4786
   56.000     20.0955            1.6069           0.4991
   56.500     19.3082            1.6281           0.5187
   57.000     18.5562            1.6507           0.5375
   57.500     17.8393            1.6746           0.5553
   58.000     17.1567            1.7000           0.5724
   58.500     16.5076            1.7269           0.5885
   59.000     15.8909            1.7554           0.6039
   59.500     15.3056            1.7856           0.6185
   60.000     14.7502            1.8175           0.6323
   60.500     14.2237            1.8513           0.6455
   61.000     13.7245            1.8871           0.6579
   61.500     13.2515            1.9248           0.6697
   62.000     12.8033            1.9648           0.6809
   62.500     12.3787            2.0071           0.6915
   63.000     11.9764            2.0518           0.7015
   63.500     11.5953            2.0990           0.7110
   64.000     11.2343            2.1491           0.7200
   64.500     10.8921            2.2020           0.7285
   65.000     10.5679            2.2580           0.7366
   65.500     10.2605            2.3173           0.7442
   66.000      9.9692            2.3802           0.7515
   66.500      9.6929            2.4468           0.7584
   67.000      9.4309            2.5174           0.7649
   67.500      9.1825            2.5923           0.7711
   68.000      8.9468            2.6718           0.7770
   68.500      8.7231            2.7562           0.7826
   69.000      8.5109            2.8459           0.7879
   69.500      8.3094            2.9412           0.7929
   70.000      8.1182            3.0427           0.7976
   70.500      7.9367            3.1507           0.8022
   71.000      7.7644            3.2658           0.8065
   71.500      7.6008            3.3885           0.8105
   72.000      7.4455            3.5194           0.8144
   72.500      7.2981            3.6592           0.8181
   73.000      7.1581            3.8085           0.8216
   73.500      7.0253            3.9682           0.8249
   74.000      6.8992            4.1391           0.8280
   74.500      6.7796            4.3221           0.8310
   75.000      6.6662            4.5181           0.8338
   75.500      6.5586            4.7283           0.8365
   76.000      6.4567            4.9538           0.8391
   76.500      6.3602            5.1958           0.8415
   77.000      6.2688            5.4557           0.8437
   77.500      6.1824            5.7348           0.8459
   78.000      6.1007            6.0346           0.8479
   78.500      6.0236            6.3567           0.8499
   79.000      5.9508            6.7025           0.8517
   79.500      5.8823            7.0737           0.8534
   80.000      5.8179            7.4717           0.8550
   80.500      5.7574            7.8980           0.8565
   81.000      5.7007            8.3537           0.8579
   81.500      5.6477            8.8400           0.8592
   82.000      5.5983            9.3571           0.8605
   82.500      5.5524            9.9050           0.8616
   83.000      5.5098           10.4829           0.8627
   83.500      5.4705           11.0886           0.8636
   84.000      5.4345           11.7190           0.8645
   84.500      5.4016           12.3692           0.8654
   85.000      5.3717           13.0323           0.8661
   85.500      5.3449           13.6995           0.8668
   86.000      5.3210           14.3597           0.8674
   86.500      5.3001           14.9996           0.8679
   87.000      5.2820           15.6040           0.8683
   87.500      5.2668           16.1562           0.8687
   88.000      5.2544           16.6389           0.8690
   88.500      5.2447           17.0354           0.8693
   89.000      5.2378           17.3308           0.8694
   89.500      5.2337           17.5131           0.8695
   90.000      5.2324           17.5748           0.8696
   90.500      5.2337           17.5131           0.8695
   91.000      5.2378           17.3308           0.8694
   91.500      5.2447           17.0354           0.8693
   92.000      5.2544           16.6389           0.8690
   92.500      5.2668           16.1562           0.8687
   93.000      5.2820           15.6040           0.8683
   93.500      5.3001           14.9996           0.8679
   94.000      5.3210           14.3597           0.8674
   94.500      5.3449           13.6995           0.8668
   95.000      5.3717           13.0323           0.8661
   95.500      5.4016           12.3692           0.8654
   96.000      5.4345           11.7190           0.8645
   96.500      5.4705           11.0886           0.8636
   97.000      5.5098           10.4829           0.8627
   97.500      5.5524            9.9050           0.8616
   98.000      5.5983            9.3571           0.8605
   98.500      5.6477            8.8400           0.8592
   99.000      5.7007            8.3537           0.8579
   99.500      5.7574            7.8980           0.8565
  100.000      5.8179            7.4717           0.8550
  100.500      5.8823            7.0737           0.8534
  101.000      5.9508            6.7025           0.8517
  101.500      6.0236            6.3567           0.8499
  102.000      6.1007            6.0346           0.8479
  102.500      6.1824            5.7348           0.8459
  103.000      6.2688            5.4557           0.8437
  103.500      6.3602            5.1958           0.8415
  104.000      6.4567            4.9538           0.8391
  104.500      6.5586            4.7283           0.8365
  105.000      6.6662            4.5181           0.8338
  105.500      6.7796            4.3221           0.8310
  106.000      6.8992            4.1391           0.8280
  106.500      7.0253            3.9682           0.8249
  107.000      7.1581            3.8085           0.8216
  107.500      7.2981            3.6592           0.8181
  108.000      7.4455            3.5194           0.8144
  108.500      7.6008            3.3885           0.8105
  109.000      7.7644            3.2658           0.8065
  109.500      7.9367            3.1507           0.8022
  110.000      8.1182            3.0427           0.7976
  110.500      8.3094            2.9412           0.7929
  111.000      8.5109            2.8459           0.7879
  111.500      8.7231            2.7562           0.7826
  112.000      8.9468            2.6718           0.7770
  112.500      9.1825            2.5923           0.7711
  113.000      9.4309            2.5174           0.7649
  113.500      9.6929            2.4468           0.7584
  114.000      9.9692            2.3802           0.7515
  114.500     10.2605            2.3173           0.7442
  115.000     10.5679            2.2580           0.7366
  115.500     10.8921            2.2020           0.7285
  116.000     11.2343            2.1491           0.7200
  116.500     11.5953            2.0990           0.7110
  117.000     11.9764            2.0518           0.7015
  117.500     12.3787            2.0071           0.6915
  118.000     12.8033            1.9648           0.6809
  118.500     13.2515            1.9248           0.6697
  119.000     13.7245            1.8871           0.6579
  119.500     14.2237            1.8513           0.6455
  120.000     14.7502            1.8175           0.6323
  120.500     15.3056            1.7856           0.6185
  121.000     15.8909            1.7554           0.6039
  121.500     16.5076            1.7269           0.5885
  122.000     17.1567            1.7000           0.5724
  122.500     17.8393            1.6746           0.5553
  123.000     18.5562            1.6507           0.5375
  123.500     19.3082            1.6281           0.5187
  124.000     20.0955            1.6069           0.4991
  124.500     20.9182            1.5869           0.4786
  125.000     21.7758            1.5682           0.4572
  125.500     22.6672            1.5506           0.4350
  126.000     23.5907            1.5342           0.4120
  126.500     24.5438            1.5188           0.3882
  127.000     25.5228            1.5045           0.3638
  127.500     26.5234            1.4913           0.3389
  128.000     27.5396            1.4790           0.3136
  128.500     28.5645            1.4677           0.2880
  129.000     29.5896            1.4573           0.2625
  129.500     30.6050            1.4479           0.2371
  130.000     31.5996            1.4393           0.2124
  130.500     32.5609            1.4316           0.1884
  131.000     33.4754            1.4247           0.1656
  131.500     34.3289            1.4187           0.1443
  132.000     35.1069            1.4136           0.1249
  132.500     35.7950            1.4092           0.1078
  133.000     36.3796            1.4056           0.0932
  133.500     36.8484            1.4029           0.0815
  134.000     37.1912            1.4009           0.0730
  134.500     37.4001            1.3997           0.0678
  135.000     37.4703            1.3993           0.0660
  135.500     37.4001            1.3997           0.0678
  136.000     37.1912            1.4009           0.0730
  136.500     36.8484            1.4029           0.0815
  137.000     36.3796            1.4056           0.0932
  137.500     35.7950            1.4092           0.1078
  138.000     35.1069            1.4136           0.1249
  138.500     34.3289            1.4187           0.1443
  139.000     33.4754            1.4247           0.1656
  139.500     32.5609            1.4316           0.1884
  140.000     31.5996            1.4393           0.2124
  140.500     30.6050            1.4479           0.2371
  141.000     29.5896            1.4573           0.2625
  141.500     28.5645            1.4677           0.2880
  142.000     27.5396            1.4790           0.3136
  142.500     26.5234            1.4913           0.3389
  143.000     25.5228            1.5045           0.3638
  143.500     24.5438            1.5188           0.3882
  144.000     23.5907            1.5342           0.4120
  144.500     22.6672            1.5506           0.4350
  145.000     21.7758            1.5682           0.4572
  145.500     20.9182            1.5869           0.4786
  146.000     20.0955            1.6069           0.4991
  146.500     19.3082            1.6281           0.5187
  147.000     18.5562            1.6507           0.5375
  147.500     17.8393            1.6746           0.5553
  148.000     17.1567            1.7000           0.5724
  148.500     16.5076            1.7269           0.5885
  149.000     15.8909            1.7554           0.6039
  149.500     15.3056            1.7856           0.6185
  150.000     14.7502            1.8175           0.6323
  150.500     14.2237            1.8513           0.6455
  151.000     13.7245            1.8871           0.6579
  151.500     13.2515            1.9248           0.6697
  152.000     12.8033            1.9648           0.6809
  152.500     12.3787            2.0071           0.6915
  153.000     11.9764            2.0518           0.7015
  153.500     11.5953            2.0990           0.7110
  154.000     11.2343            2.1491           0.7200
  154.500     10.8921            2.2020           0.7285
  155.000     10.5679            2.2580           0.7366
  155.500     10.2605            2.3173           0.7442
  156.000      9.9692            2.3802           0.7515
  156.500      9.6929            2.4468           0.7584
  157.000      9.4309            2.5174           0.7649
  157.500      9.1825            2.5923           0.7711
  158.000      8.9468            2.6718           0.7770
  158.500      8.7231            2.7562           0.7826
  159.000      8.5109            2.8459           0.7879
  159.500      8.3094            2.9412           0.7929
  160.000      8.1182            3.0427           0.7976
  160.500      7.9367            3.1507           0.8022
  161.000      7.7644            3.2658           0.8065
  161.500      7.6008            3.3885           0.8105
  162.000      7.4455            3.5194           0.8144
  162.500      7.2981            3.6592           0.8181
  163.000      7.1581            3.8085           0.8216
  163.500      7.0253            3.9682           0.8249
  164.000      6.8992            4.1391           0.8280
  164.500      6.7796            4.3221           0.8310
  165.000      6.6662            4.5181           0.8338
  165.500      6.5586            4.7283           0.8365
  166.000      6.4567            4.9538           0.8391
  166.500      6.3602            5.1958           0.8415
  167.000      6.2688            5.4557           0.8437
  167.500      6.1824            5.7348           0.8459
  168.000      6.1007            6.0346           0.8479
  168.500      6.0236            6.3567           0.8499
  169.000      5.9508            6.7025           0.8517
  169.500      5.8823            7.0737           0.8534
  170.000      5.8179            7.4717           0.8550
  170.500      5.7574            7.8980           0.8565
  171.000      5.7007            8.3537           0.8579
  171.500      5.6477            8.8400           0.8592
  172.000      5.5983            9.3571           0.8605
  172.500      5.5524            9.9050           0.8616
  173.000      5.5098           10.4829           0.8627
  173.500      5.4705           11.0886           0.8636
  174.000      5.4345           11.7190           0.8645
  174.500      5.4016           12.3692           0.8654
  175.000      5.3717           13.0323           0.8661
  175.500      5.3449           13.6995           0.8668
  176.000      5.3210           14.3597           0.8674
  176.500      5.3001           14.9996           0.8679
  177.000      5.2820           15.6040           0.8683
  177.500      5.2668           16.1562           0.8687
  178.000      5.2544           16.6389           0.8690
  178.500      5.2447           17.0354           0.8693
  179.000      5.2378           17.3308           0.8694
  179.500      5.2337           17.5131           0.8695
  180.000      5.2324           17.5748           0.8696
  180.500      5.2337           17.5131           0.8695
  181.000      5.2378           17.3308           0.8694
  181.500      5.2447           17.0354           0.8693
  182.000      5.2544           16.6389           0.8690
  182.500      5.2668           16.1562           0.8687
  183.000      5.2820           15.6040           0.8683
  183.500      5.3001           14.9996           0.8679
  184.000      5.3210           14.3597           0.8674
  184.500      5.3449           13.6995           0.8668
  185.000      5.3717           13.0323           0.8661
  185.500      5.4016           12.3692           0.8654
  186.000      5.4345           11.7190           0.8645
  186.500      5.4705           11.0886           0.8636
  187.000      5.5098           10.4829           0.8627
  187.500      5.5524            9.9050           0.8616
  188.000      5.5983            9.3571           0.8605
  188.500      5.6477            8.8400           0.8592
  189.000      5.7007            8.3537           0.8579
  189.500      5.7574            7.8980           0.8565
  190.000      5.8179            7.4717           0.8550
  190.500      5.8823            7.0737           0.8534
  191.000      5.9508            6.7025           0.8517
  191.500      6.0236            6.3567           0.8499
  192.000      6.1007            6.0346           0.8479
  192.500      6.1824            5.7348           0.8459
  193.000      6.2688            5.4557           0.8437
  193.500      6.3602            5.1958           0.8415
  194.000      6.4567            4.9538           0.8391
  194.500      6.5586            4.7283           0.8365
  195.000      6.6662            4.5181           0.8338
  195.500      6.7796            4.3221           0.8310
  196.000      6.8992            4.1391           0.8280
  196.500      7.0253            3.9682           0.8249
  197.000      7.1581            3.8085           0.8216
  197.500      7.2981            3.6592           0.8181
  198.000      7.4455            3.5194           0.8144
  198.500      7.6008            3.3885           0.8105
  199.000      7.7644            3.2658           0.8065
  199.500      7.9367            3.1507           0.8022
  200.000      8.1182            3.0427           0.7976
  200.500      8.3094            2.9412           0.7929
  201.000      8.5109            2.8459           0.7879
  201.500      8.7231            2.7562           0.7826
  202.000      8.9468            2.6718           0.7770
  202.500      9.1825            2.5923           0.7711
  203.000      9.4309            2.5174           0.7649
  203.500      9.6929            2.4468           0.7584
  204.000      9.9692            2.3802           0.7515
  204.500     10.2605            2.3173           0.7442
  205.000     10.5679            2.2580           0.7366
  205.500     10.8921            2.2020           0.7285
  206.000     11.2343            2.1491           0.7200
  206.500     11.5953            2.0990           0.7110
  207.000     11.9764            2.0518           0.7015
  207.500     12.3787            2.0071           0.6915
  208.000     12.8033            1.9648           0.6809
  208.500     13.2515            1.9248           0.6697
  209.000     13.7245            1.8871           0.6579
  209.500     14.2237            1.8513           0.6455
  210.000     14.7502            1.8175           0.6323
  210.500     15.3056            1.7856           0.6185
  211.000     15.8909            1.7554           0.6039
  211.500     16.5076            1.7269           0.5885
  212.000     17.1567            1.7000           0.5724
  212.500     17.8393            1.6746           0.5553
  213.000     18.5562            1.6507           0.5375
  213.500     19.3082            1.6281           0.5187
  214.000     20.0955            1.6069           0.4991
  214.500     20.9182            1.5869           0.4786
  215.000     21.7758            1.5682           0.4572
  215.500     22.6672            1.5506           0.4350
  216.000     23.5907            1.5342           0.4120
  216.500     24.5438            1.5188           0.3882
  217.000     25.5228            1.5045           0.3638
  217.500     26.5234            1.4913           0.3389
  218.000     27.5396            1.4790           0.3136
  218.500     28.5645            1.4677           0.2880
  219.000     29.5896            1.4573           0.2625
  219.500     30.6050            1.4479           0.2371
  220.000     31.5996            1.4393           0.2124
  220.500     32.5609            1.4316           0.1884
  221.000     33.4754            1.4247           0.1656
  221.500     34.3289            1.4187           0.1443
  222.000     35.1069            1.4136           0.1249
  222.500     35.7950            1.4092           0.1078
  223.000     36.3796            1.4056           0.0932
  223.500     36.8484            1.4029           0.0815
  224.000     37.1912            1.4009           0.0730
  224.500     37.4001            1.3997           0.0678
  225.000     37.4703            1.3993           0.0660
  225.500     37.4001            1.3997           0.0678
  226.000     37.1912            1.4009           0.0730
  226.500     36.8484            1.4029           0.0815
  227.000     36.3796            1.4056           0.0932
  227.500     35.7950            1.4092           0.1078
  228.000     35.1069            1.4136           0.1249
  228.500     34.3289            1.4187           0.1443
  229.000     33.4754            1.4247           0.1656
  229.500     32.5609            1.4316           0.1884
  230.000     31.5996            1.4393           0.2124
  230.500     30.6050            1.4479           0.2371
  231.000     29.5896            1.4573           0.2625
  231.500     28.5645            1.4677           0.2880
  232.000     27.5396            1.4790           0.3136
  232.500     26.5234            1.4913           0.3389
  233.000     25.5228            1.5045           0.3638
  233.500     24.5438            1.5188           0.3882
  234.000     23.5907            1.5342           0.4120
  234.500     22.6672            1.5506           0.4350
  235.000     21.7758            1.5682           0.4572
  235.500     20.9182            1.5869           0.4786
  236.000     20.0955            1.6069           0.4991
  236.500     19.3082            1.6281           0.5187
  237.000     18.5562            1.6507           0.5375
  237.500     17.8393            1.6746           0.5553
  238.000     17.1567            1.7000           0.5724
  238.500     16.5076            1.7269           0.5885
  239.000     15.8909            1.7554           0.6039
  239.500     15.3056            1.7856           0.6185
  240.000     14.7502            1.8175           0.6323
  240.500     14.2237            1.8513           0.6455
  241.000     13.7245            1.8871           0.6579
  241.500     13.2515            1.9248           0.6697
  242.000     12.8033            1.9648           0.6809
  242.500     12.3787            2.0071           0.6915
  243.000     11.9764            2.0518           0.7015
  243.500     11.5953            2.0990           0.7110
  244.000     11.2343            2.1491           0.7200
  244.500     10.8921            2.2020           0.7285
  245.000     10.5679            2.2580           0.7366
  245.500     10.2605            2.3173           0.7442
  246.000      9.9692            2.3802           0.7515
  246.500      9.6929            2.4468           0.7584
  247.000      9.4309            2.5174           0.7649
  247.500      9.1825            2.5923           0.7711
  248.000      8.9468            2.6718           0.7770
  248.500      8.7231            2.7562           0.7826
  249.000      8.5109            2.8459           0.7879
  249.500      8.3094            2.9412           0.7929
  250.000      8.1182            3.0427           0.7976
  250.500      7.9367            3.1507           0.8022
  251.000      7.7644            3.2658           0.8065
  251.500      7.6008            3.3885           0.8105
  252.000      7.4455            3.5194           0.8144
  252.500      7.2981            3.6592           0.8181
  253.000      7.1581            3.8085           0.8216
  253.500      7.0253            3.9682           0.8249
  254.000      6.8992            4.1391           0.8280
  254.500      6.7796            4.3221           0.8310
  255.000      6.6662            4.5181           0.8338
  255.500      6.5586            4.7283           0.8365
  256.000      6.4567            4.9538           0.8391
  256.500      6.3602            5.1958           0.8415
  257.000      6.2688            5.4557           0.8437
  257.500      6.1824            5.7348           0.8459
  258.000      6.1007            6.0346           0.8479
  258.500      6.0236            6.3567           0.8499
  259.000      5.9508            6.7025           0.8517
  259.500      5.8823            7.0737           0.8534
  260.000      5.8179            7.4717           0.8550
  260.500      5.7574            7.8980           0.8565
  261.000      5.7007            8.3537           0.8579
  261.500      5.6477            8.8400           0.8592
  262.000      5.5983            9.3571           0.8605
  262.500      5.5524            9.9050           0.8616
  263.000      5.5098           10.4829           0.8627
  263.500      5.4705           11.0886           0.8636
  264.000      5.4345           11.7190           0.8645
  264.500      5.4016           12.3692           0.8654
  265.000      5.3717           13.0323           0.8661
  265.500      5.3449           13.6995           0.8668
  266.000      5.3210           14.3597           0.8674
  266.500      5.3001           14.9996           0.8679
  267.000      5.2820           15.6040           0.8683
  267.500      5.2668           16.1562           0.8687
  268.000      5.2544           16.6389           0.8690
  268.500      5.2447           17.0354           0.8693
  269.000      5.2378           17.3308           0.8694
  269.500      5.2337           17.5131           0.8695
  270.000      5.2324           17.5748           0.8696
  270.500      5.2337           17.5131           0.8695
  271.000      5.2378           17.3308           0.8694
  271.500      5.2447           17.0354           0.8693
  272.000      5.2544           16.6389           0.8690
  272.500      5.2668           16.1562           0.8687
  273.000      5.2820           15.6040           0.8683
  273.500      5.3001           14.9996           0.8679
  274.000      5.3210           14.3597           0.8674
  274.500      5.3449           13.6995           0.8668
  275.000      5.3717           13.0323           0.8661
  275.500      5.4016           12.3692           0.8654
  276.000      5.4345           11.7190           0.8645
  276.500      5.4705           11.0886           0.8636
  277.000      5.5098           10.4829           0.8627
  277.500      5.5524            9.9050           0.8616
  278.000      5.5983            9.3571           0.8605
  278.500      5.6477            8.8400           0.8592
  279.000      5.7007            8.3537           0.8579
  279.500      5.7574            7.8980           0.8565
  280.000      5.8179            7.4717           0.8550
  280.500      5.8823            7.0737           0.8534
  281.000      5.9508            6.7025           0.8517
  281.500      6.0236            6.3567           0.8499
  282.000      6.1007            6.0346           0.8479
  282.500      6.1824            5.7348           0.8459
  283.000      6.2688            5.4557           0.8437
  283.500      6.3602            5.1958           0.8415
  284.000      6.4567            4.9538           0.8391
  284.500      6.5586            4.7283           0.8365
  285.000      6.6662            4.5181           0.8338
  285.500      6.7796            4.3221           0.8310
  286.000      6.8992            4.1391           0.8280
  286.500      7.0253            3.9682           0.8249
  287.000      7.1581            3.8085           0.8216
  287.500      7.2981            3.6592           0.8181
  288.000      7.4455            3.5194           0.8144
  288.500      7.6008            3.3885           0.8105
  289.000      7.7644            3.2658           0.8065
  289.500      7.9367            3.1507           0.8022
  290.000      8.1182            3.0427           0.7976
  290.500      8.3094            2.9412           0.7929
  291.000      8.5109            2.8459           0.7879
  291.500      8.7231            2.7562           0.7826
  292.000      8.9468            2.6718           0.7770
  292.500      9.1825            2.5923           0.7711
  293.000      9.4309            2.5174           0.7649
  293.500      9.6929            2.4468           0.7584
  294.000      9.9692            2.3802           0.7515
  294.500     10.2605            2.3173           0.7442
  295.000     10.5679            2.2580           0.7366
  295.500     10.8921            2.2020           0.7285
  296.000     11.2343            2.1491           0.7200
  296.500     11.5953            2.0990           0.7110
  297.000     11.9764            2.0518           0.7015
  297.500     12.3787            2.0071           0.6915
  298.000     12.8033            1.9648           0.6809
  298.500     13.2515            1.9248           0.6697
  299.000     13.7245            1.8871           0.6579
  299.500     14.2237            1.8513           0.6455
  300.000     14.7502            1.8175           0.6323
  300.500     15.3056            1.7856           0.6185
  301.000     15.8909            1.7554           0.6039
  301.500     16.5076            1.7269           0.5885
  302.000     17.1567            1.7000           0.5724
  302.500     17.8393            1.6746           0.5553
  303.000     18.5562            1.6507           0.5375
  303.500     19.3082            1.6281           0.5187
  304.000     20.0955            1.6069           0.4991
  304.500     20.9182            1.5869           0.4786
  305.000     21.7758            1.5682           0.4572
  305.500     22.6672            1.5506           0.4350
  306.000     23.5907            1.5342           0.4120
  306.500     24.5438            1.5188           0.3882
  307.000     25.5228            1.5045           0.3638
  307.500     26.5234            1.4913           0.3389
  308.000     27.5396            1.4790           0.3136
  308.500     28.5645            1.4677           0.2880
  309.000     29.5896            1.4573           0.2625
  309.500     30.6050            1.4479           0.2371
  310.000     31.5996            1.4393           0.2124
  310.500     32.5609            1.4316           0.1884
  311.000     33.4754            1.4247           0.1656
  311.500     34.3289            1.4187           0.1443
  312.000     35.1069            1.4136           0.1249
  312.500     35.7950            1.4092           0.1078
  313.000     36.3796            1.4056           0.0932
  313.500     36.8484            1.4029           0.0815
  314.000     37.1912            1.4009           0.0730
  314.500     37.4001            1.3997           0.0678
  315.000     37.4703            1.3993           0.0660
  315.500     37.4001            1.3997           0.0678
  316.000     37.1912            1.4009           0.0730
  316.500     36.8484            1.4029           0.0815
  317.000     36.3796            1.4056           0.0932
  317.500     35.7950            1.4092           0.1078
  318.000     35.1069            1.4136           0.1249
  318.500     34.3289            1.4187           0.1443
  319.000     33.4754            1.4247           0.1656
  319.500     32.5609            1.4316           0.1884
  320.000     31.5996            1.4393           0.2124
  320.500     30.6050            1.4479           0.2371
  321.000     29.5896            1.4573           0.2625
  321.500     28.5645            1.4677           0.2880
  322.000     27.5396            1.4790           0.3136
  322.500     26.5234            1.4913           0.3389
  323.000     25.5228            1.5045           0.3638
  323.500     24.5438            1.5188           0.3882
  324.000     23.5907            1.5342           0.4120
  324.500     22.6672            1.5506           0.4350
  325.000     21.7758            1.5682           0.4572
  325.500     20.9182            1.5869           0.4786
  326.000     20.0955            1.6069           0.4991
  326.500     19.3082            1.6281           0.5187
  327.000     18.5562            1.6507           0.5375
  327.500     17.8393            1.6746           0.5553
  328.000     17.1567            1.7000           0.5724
  328.500     16.5076            1.7269           0.5885
  329.000     15.8909            1.7554           0.6039
  329.500     15.3056            1.7856           0.6185
  330.000     14.7502            1.8175           0.6323
  330.500     14.2237            1.8513           0.6455
  331.000     13.7245            1.8871           0.6579
  331.500     13.2515            1.9248           0.6697
  332.000     12.8033            1.9648           0.6809
  332.500     12.3787            2.0071           0.6915
  333.000     11.9764            2.0518           0.7015
  333.500     11.5953            2.0990           0.7110
  334.000     11.2343            2.1491           0.7200
  334.500     10.8921            2.2020           0.7285
  335.000     10.5679            2.2580           0.7366
  335.500     10.2605            2.3173           0.7442
  336.000      9.9692            2.3802           0.7515
  336.500      9.6929            2.4468           0.7584
  337.000      9.4309            2.5174           0.7649
  337.500      9.1825            2.5923           0.7711
  338.000      8.9468            2.6718           0.7770
  338.500      8.7231            2.7562           0.7826
  339.000      8.5109            2.8459           0.7879
  339.500      8.3094            2.9412           0.7929
  340.000      8.1182            3.0427           0.7976
  340.500      7.9367            3.1507           0.8022
  341.000      7.7644            3.2658           0.8065
  341.500      7.6008            3.3885           0.8105
  342.000      7.4455            3.5194           0.8144
  342.500      7.2981            3.6592           0.8181
  343.000      7.1581            3.8085           0.8216
  343.500      7.0253            3.9682           0.8249
  344.000      6.8992            4.1391           0.8280
  344.500      6.7796            4.3221           0.8310
  345.000      6.6662            4.5181           0.8338
  345.500      6.5586            4.7283           0.8365
  346.000      6.4567            4.9538           0.8391
  346.500      6.3602            5.1958           0.8415
  347.000      6.2688            5.4557           0.8437
  347.500      6.1824            5.7348           0.8459
  348.000      6.1007            6.0346           0.8479
  348.500      6.0236            6.3567           0.8499
  349.000      5.9508            6.7025           0.8517
  349.500      5.8823            7.0737           0.8534
  350.000      5.8179            7.4717           0.8550
  350.500      5.7574            7.8980           0.8565
  351.000      5.7007            8.3537           0.8579
  351.500      5.6477            8.8400           0.8592
  352.000      5.5983            9.3571           0.8605
  352.500      5.5524            9.9050           0.8616
  353.000      5.5098           10.4829           0.8627
  353.500      5.4705           11.0886           0.8636
  354.000      5.4345           11.7190           0.8645
  354.500      5.4016           12.3692           0.8654
  355.000      5.3717           13.0323           0.8661
  355.500      5.3449           13.6995           0.8668
  356.000      5.3210           14.3597           0.8674
  356.500      5.3001           14.9996           0.8679
  357.000      5.2820           15.6040           0.8683
  357.500      5.2668           16.1562           0.8687
  358.000      5.2544           16.6389           0.8690
  358.500      5.2447           17.0354           0.8693
  359.000      5.2378           17.3308           0.8694
  359.500      5.2337           17.5131           0.8695
  360.000      5.2324           17.5748           0.8696
