#k-distance eigenvalue[eV]
0.00000000 -13.36560000
0.03773015 -13.36270000
0.07546030 -13.35420000
0.11319045 -13.34010000
0.15092061 -13.32050000
0.18865076 -13.29560000
0.22638091 -13.26570000
0.26411106 -13.23090000
0.30184121 -13.19170000
0.33957136 -13.14840000
0.37730150 -13.10150000
0.41503165 -13.05150000
0.45276181 -12.99900000
0.49049196 -12.94460000
0.52822211 -12.88900000
0.56595226 -12.83310000
0.60368241 -12.77760000
0.64141256 -12.72320000
0.67914272 -12.67090000
0.71687287 -12.62140000
0.71687287 -12.62140000
0.75539304 -12.61970000
0.79391321 -12.61470000
0.83243338 -12.60640000
0.87095355 -12.59500000
0.90947373 -12.58080000
0.94799390 -12.56410000
0.98651407 -12.54530000
1.02503424 -12.52480000
1.06355441 -12.50320000
1.10207457 -12.48100000
1.14059474 -12.45870000
1.17911491 -12.43710000
1.21763509 -12.41680000
1.25615526 -12.39830000
1.29467543 -12.38220000
1.33319560 -12.36910000
1.37171577 -12.35950000
1.41023595 -12.35350000
1.44875612 -12.35150000
1.44875612 -12.35150000
1.50267613 -12.35960000
1.55659615 -12.38350000
1.61051616 -12.42230000
1.66443618 -12.47440000
1.71835619 -12.53790000
1.77227621 -12.61050000
1.82619622 -12.68950000
1.88011624 -12.77250000
1.93403625 -12.85680000
1.98795624 -12.94010000
2.04187626 -13.02010000
2.09579627 -13.09490000
2.14971629 -13.16280000
2.20363630 -13.22260000
2.25755632 -13.27290000
2.31147633 -13.31290000
2.36539635 -13.34200000
2.41931636 -13.35970000
2.47323638 -13.36560000

0.00000000 -12.37260000
0.03773015 -12.37220000
0.07546030 -12.37110000
0.11319045 -12.36950000
0.15092061 -12.36760000
0.18865076 -12.36570000
0.22638091 -12.36420000
0.26411106 -12.36380000
0.30184121 -12.36480000
0.33957136 -12.36790000
0.37730150 -12.37390000
0.41503165 -12.38310000
0.45276181 -12.39640000
0.49049196 -12.41400000
0.52822211 -12.43640000
0.56595226 -12.46380000
0.60368241 -12.49620000
0.64141256 -12.53350000
0.67914272 -12.57540000
0.71687287 -12.62140000
0.71687287 -12.62140000
0.75539304 -12.61970000
0.79391321 -12.61470000
0.83243338 -12.60640000
0.87095355 -12.59500000
0.90947373 -12.58080000
0.94799390 -12.56410000
0.98651407 -12.54530000
1.02503424 -12.52480000
1.06355441 -12.50320000
1.10207457 -12.48100000
1.14059474 -12.45870000
1.17911491 -12.43710000
1.21763509 -12.41680000
1.25615526 -12.39830000
1.29467543 -12.38220000
1.33319560 -12.36910000
1.37171577 -12.35950000
1.41023595 -12.35350000
1.44875612 -12.35150000
1.44875612 -12.35150000
1.50267613 -12.35070000
1.55659615 -12.34840000
1.61051616 -12.34480000
1.66443618 -12.34030000
1.71835619 -12.33560000
1.77227621 -12.33120000
1.82619622 -12.32780000
1.88011624 -12.32580000
1.93403625 -12.32560000
1.98795624 -12.32740000
2.04187626 -12.33110000
2.09579627 -12.33640000
2.14971629 -12.34300000
2.20363630 -12.35010000
2.25755632 -12.35710000
2.31147633 -12.36340000
2.36539635 -12.36830000
2.41931636 -12.37150000
2.47323638 -12.37260000

0.00000000 -6.30680000
0.03773015 -6.31800000
0.07546030 -6.35080000
0.11319045 -6.40280000
0.15092061 -6.47090000
0.18865076 -6.55110000
0.22638091 -6.63930000
0.26411106 -6.73160000
0.30184121 -6.82430000
0.33957136 -6.91410000
0.37730150 -6.99820000
0.41503165 -7.07390000
0.45276181 -7.13900000
0.49049196 -7.19170000
0.52822211 -7.23060000
0.56595226 -7.25460000
0.60368241 -7.26280000
0.64141256 -7.25510000
0.67914272 -7.23110000
0.71687287 -7.19140000
0.71687287 -7.19140000
0.75539304 -7.18710000
0.79391321 -7.17450000
0.83243338 -7.15350000
0.87095355 -7.12430000
0.90947373 -7.08720000
0.94799390 -7.04260000
0.98651407 -6.99080000
1.02503424 -6.93240000
1.06355441 -6.86830000
1.10207457 -6.79930000
1.14059474 -6.72670000
1.17911491 -6.65220000
1.21763509 -6.57760000
1.25615526 -6.50550000
1.29467543 -6.43900000
1.33319560 -6.38140000
1.37171577 -6.33660000
1.41023595 -6.30790000
1.44875612 -6.29810000
1.44875612 -6.29810000
1.50267613 -6.31930000
1.55659615 -6.37870000
1.61051616 -6.46510000
1.66443618 -6.56500000
1.71835619 -6.66570000
1.77227621 -6.75690000
1.82619622 -6.83130000
1.88011624 -6.88380000
1.93403625 -6.91120000
1.98795624 -6.91220000
2.04187626 -6.88670000
2.09579627 -6.83620000
2.14971629 -6.76370000
2.20363630 -6.67430000
2.25755632 -6.57490000
2.31147633 -6.47550000
2.36539635 -6.38870000
2.41931636 -6.32850000
2.47323638 -6.30680000

0.00000000 -5.32960000
0.03773015 -5.34250000
0.07546030 -5.38050000
0.11319045 -5.44220000
0.15092061 -5.52500000
0.18865076 -5.62570000
0.22638091 -5.74070000
0.26411106 -5.86630000
0.30184121 -5.99890000
0.33957136 -6.13520000
0.37730150 -6.27220000
0.41503165 -6.40750000
0.45276181 -6.53850000
0.49049196 -6.66330000
0.52822211 -6.78010000
0.56595226 -6.88720000
0.60368241 -6.98310000
0.64141256 -7.06650000
0.67914272 -7.13620000
0.71687287 -7.19140000
0.71687287 -7.19140000
0.75539304 -7.18710000
0.79391321 -7.17450000
0.83243338 -7.15350000
0.87095355 -7.12430000
0.90947373 -7.08720000
0.94799390 -7.04260000
0.98651407 -6.99080000
1.02503424 -6.93240000
1.06355441 -6.86830000
1.10207457 -6.79930000
1.14059474 -6.72670000
1.17911491 -6.65220000
1.21763509 -6.57760000
1.25615526 -6.50550000
1.29467543 -6.43900000
1.33319560 -6.38140000
1.37171577 -6.33660000
1.41023595 -6.30790000
1.44875612 -6.29810000
1.44875612 -6.29810000
1.50267613 -6.31780000
1.55659615 -6.36760000
1.61051616 -6.42820000
1.66443618 -6.48240000
1.71835619 -6.51930000
1.77227621 -6.53290000
1.82619622 -6.52070000
1.88011624 -6.48210000
1.93403625 -6.41790000
1.98795624 -6.32990000
2.04187626 -6.22080000
2.09579627 -6.09420000
2.14971629 -5.95490000
2.20363630 -5.80910000
2.25755632 -5.66500000
2.31147633 -5.53300000
2.36539635 -5.42540000
2.41931636 -5.35440000
2.47323638 -5.32960000

0.00000000 -3.46850000
0.03773015 -3.46940000
0.07546030 -3.47090000
0.11319045 -3.47050000
0.15092061 -3.46510000
0.18865076 -3.45220000
0.22638091 -3.43020000
0.26411106 -3.39850000
0.30184121 -3.35690000
0.33957136 -3.30570000
0.37730150 -3.24570000
0.41503165 -3.17740000
0.45276181 -3.10160000
0.49049196 -3.01920000
0.52822211 -2.93100000
0.56595226 -2.83820000
0.60368241 -2.74180000
0.64141256 -2.64330000
0.67914272 -2.54450000
0.71687287 -2.44750000
0.71687287 -2.44750000
0.75539304 -2.45040000
0.79391321 -2.46170000
0.83243338 -2.49310000
0.87095355 -2.57450000
0.90947373 -2.72920000
0.94799390 -2.92750000
0.98651407 -3.13830000
1.02503424 -3.34780000
1.06355441 -3.54940000
1.10207457 -3.73960000
1.14059474 -3.91570000
1.17911491 -4.07610000
1.21763509 -4.21910000
1.25615526 -4.34340000
1.29467543 -4.44790000
1.33319560 -4.53110000
1.37171577 -4.59190000
1.41023595 -4.62900000
1.44875612 -4.64150000
1.44875612 -4.64150000
1.50267613 -4.64180000
1.55659615 -4.63790000
1.61051616 -4.62090000
1.66443618 -4.58500000
1.71835619 -4.52900000
1.77227621 -4.45390000
1.82619622 -4.36160000
1.88011624 -4.25430000
1.93403625 -4.13480000
1.98795624 -4.00560000
2.04187626 -3.87010000
2.09579627 -3.73180000
2.14971629 -3.59520000
2.20363630 -3.46500000
2.25755632 -3.43720000
2.31147633 -3.46240000
2.36539635 -3.47140000
2.41931636 -3.47040000
2.47323638 -3.46850000

0.00000000 -3.12150000
0.03773015 -3.11020000
0.07546030 -3.07710000
0.11319045 -3.03740000
0.15092061 -3.00430000
0.18865076 -2.96220000
0.22638091 -2.91110000
0.26411106 -2.85160000
0.30184121 -2.78390000
0.33957136 -2.70860000
0.37730150 -2.62630000
0.41503165 -2.53790000
0.45276181 -2.44410000
0.49049196 -2.34620000
0.52822211 -2.24560000
0.56595226 -2.15540000
0.60368241 -2.20320000
0.64141256 -2.27220000
0.67914272 -2.35540000
0.71687287 -2.44750000
0.71687287 -2.44750000
0.75539304 -2.45040000
0.79391321 -2.46170000
0.83243338 -2.49310000
0.87095355 -2.57450000
0.90947373 -2.72920000
0.94799390 -2.92750000
0.98651407 -3.13830000
1.02503424 -3.34780000
1.06355441 -3.54940000
1.10207457 -3.73960000
1.14059474 -3.91570000
1.17911491 -4.07610000
1.21763509 -4.21910000
1.25615526 -4.34340000
1.29467543 -4.44790000
1.33319560 -4.53110000
1.37171577 -4.59190000
1.41023595 -4.62900000
1.44875612 -4.64150000
1.44875612 -4.64150000
1.50267613 -4.58650000
1.55659615 -4.43200000
1.61051616 -4.20090000
1.66443618 -3.91790000
1.71835619 -3.60900000
1.77227621 -3.31230000
1.82619622 -3.10020000
1.88011624 -3.02590000
1.93403625 -3.04020000
1.98795624 -3.10190000
2.04187626 -3.18090000
2.09579627 -3.26130000
2.14971629 -3.33410000
2.20363630 -3.39390000
2.25755632 -3.34690000
2.31147633 -3.24670000
2.36539635 -3.17060000
2.41931636 -3.12610000
2.47323638 -3.12150000

0.00000000 -3.08010000
0.03773015 -3.07540000
0.07546030 -3.06110000
0.11319045 -3.02410000
0.15092061 -2.95400000
0.18865076 -2.86980000
0.22638091 -2.77510000
0.26411106 -2.67310000
0.30184121 -2.56720000
0.33957136 -2.46120000
0.37730150 -2.35980000
0.41503165 -2.26890000
0.45276181 -2.19610000
0.49049196 -2.14980000
0.52822211 -2.13600000
0.56595226 -2.14390000
0.60368241 -2.04320000
0.64141256 -1.94570000
0.67914272 -1.85410000
0.71687287 -1.77100000
0.71687287 -1.77100000
0.75539304 -1.81760000
0.79391321 -1.93880000
0.83243338 -2.09240000
0.87095355 -2.22350000
0.90947373 -2.29440000
0.94799390 -2.32710000
0.98651407 -2.35010000
1.02503424 -2.37860000
1.06355441 -2.42350000
1.10207457 -2.49410000
1.14059474 -2.59400000
1.17911491 -2.71780000
1.21763509 -2.85310000
1.25615526 -2.98730000
1.29467543 -3.11030000
1.33319560 -3.21400000
1.37171577 -3.29270000
1.41023595 -3.34170000
1.44875612 -3.35840000
1.44875612 -3.35840000
1.50267613 -3.35060000
1.55659615 -3.32740000
1.61051616 -3.28910000
1.66443618 -3.23640000
1.71835619 -3.17020000
1.77227621 -3.09080000
1.82619622 -2.98960000
1.88011624 -2.87040000
1.93403625 -2.75990000
1.98795624 -2.64610000
2.04187626 -2.52830000
2.09579627 -2.41000000
2.14971629 -2.29500000
2.20363630 -2.19820000
2.25755632 -2.46930000
2.31147633 -2.71890000
2.36539635 -2.91930000
2.41931636 -3.04640000
2.47323638 -3.08010000

0.00000000 -1.89440000
0.03773015 -1.89110000
0.07546030 -1.88130000
0.11319045 -1.86520000
0.15092061 -1.84330000
0.18865076 -1.81610000
0.22638091 -1.78450000
0.26411106 -1.74950000
0.30184121 -1.71250000
0.33957136 -1.67500000
0.37730150 -1.63920000
0.41503165 -1.60730000
0.45276181 -1.58210000
0.49049196 -1.56610000
0.52822211 -1.56220000
0.56595226 -1.57270000
0.60368241 -1.59890000
0.64141256 -1.64140000
0.67914272 -1.69930000
0.71687287 -1.77100000
0.71687287 -1.77100000
0.75539304 -1.81760000
0.79391321 -1.93880000
0.83243338 -2.09240000
0.87095355 -2.22350000
0.90947373 -2.29440000
0.94799390 -2.32710000
0.98651407 -2.35010000
1.02503424 -2.37860000
1.06355441 -2.42350000
1.10207457 -2.49410000
1.14059474 -2.59400000
1.17911491 -2.71780000
1.21763509 -2.85310000
1.25615526 -2.98730000
1.29467543 -3.11030000
1.33319560 -3.21400000
1.37171577 -3.29270000
1.41023595 -3.34170000
1.44875612 -3.35840000
1.44875612 -3.35840000
1.50267613 -3.30510000
1.55659615 -3.15600000
1.61051616 -2.93670000
1.66443618 -2.67810000
1.71835619 -2.41410000
1.77227621 -2.17880000
1.82619622 -1.99150000
1.88011624 -1.84950000
1.93403625 -1.74510000
1.98795624 -1.68050000
2.04187626 -1.67410000
2.09579627 -1.75760000
2.14971629 -1.94400000
2.20363630 -2.18750000
2.25755632 -2.09180000
2.31147633 -2.01180000
2.36539635 -1.95150000
2.41931636 -1.91320000
2.47323638 -1.89440000

0.00000000 -1.88760000
0.03773015 -1.86970000
0.07546030 -1.81760000
0.11319045 -1.73520000
0.15092061 -1.62800000
0.18865076 -1.50110000
0.22638091 -1.35950000
0.26411106 -1.20700000
0.30184121 -1.04690000
0.33957136 -0.89440000
0.37730150 -0.93730000
0.41503165 -0.97210000
0.45276181 -0.99070000
0.49049196 -0.98370000
0.52822211 -0.94420000
0.56595226 -0.87050000
0.60368241 -0.76670000
0.64141256 -0.63980000
0.67914272 -0.49740000
0.71687287 -0.34740000
0.71687287 -0.34740000
0.75539304 -0.33280000
0.79391321 -0.31710000
0.83243338 -0.35390000
0.87095355 -0.46730000
0.90947373 -0.63990000
0.94799390 -0.84280000
0.98651407 -1.05340000
1.02503424 -1.25490000
1.06355441 -1.43310000
1.10207457 -1.57590000
1.14059474 -1.67700000
1.17911491 -1.74000000
1.21763509 -1.77470000
1.25615526 -1.79150000
1.29467543 -1.79790000
1.33319560 -1.79900000
1.37171577 -1.79790000
1.41023595 -1.79660000
1.44875612 -1.79610000
1.44875612 -1.79610000
1.50267613 -1.80940000
1.55659615 -1.84780000
1.61051616 -1.90570000
1.66443618 -1.97370000
1.71835619 -2.03500000
1.77227621 -2.05780000
1.82619622 -1.98440000
1.88011624 -1.76600000
1.93403625 -1.43950000
1.98795624 -1.08660000
2.04187626 -0.79330000
2.09579627 -0.65660000
2.14971629 -0.72360000
2.20363630 -0.93330000
2.25755632 -1.19810000
2.31147633 -1.45960000
2.36539635 -1.67970000
2.41931636 -1.82880000
2.47323638 -1.88760000

0.00000000 -0.66300000
0.03773015 -0.66570000
0.07546030 -0.67390000
0.11319045 -0.68800000
0.15092061 -0.70820000
0.18865076 -0.73470000
0.22638091 -0.76760000
0.26411106 -0.80620000
0.30184121 -0.84930000
0.33957136 -0.88170000
0.37730150 -0.71400000
0.41503165 -0.54610000
0.45276181 -0.38190000
0.49049196 -0.22740000
0.52822211 -0.09500000
0.56595226 -0.00870000
0.60368241 0.00000000
0.64141256 -0.07430000
0.67914272 -0.20040000
0.71687287 -0.34740000
0.71687287 -0.34740000
0.75539304 -0.33280000
0.79391321 -0.31710000
0.83243338 -0.35390000
0.87095355 -0.46730000
0.90947373 -0.63990000
0.94799390 -0.84280000
0.98651407 -1.05340000
1.02503424 -1.25490000
1.06355441 -1.43310000
1.10207457 -1.57590000
1.14059474 -1.67700000
1.17911491 -1.74000000
1.21763509 -1.77470000
1.25615526 -1.79150000
1.29467543 -1.79790000
1.33319560 -1.79900000
1.37171577 -1.79790000
1.41023595 -1.79660000
1.44875612 -1.79610000
1.44875612 -1.79610000
1.50267613 -1.78420000
1.55659615 -1.74770000
1.61051616 -1.68270000
1.66443618 -1.58100000
1.71835619 -1.42870000
1.77227621 -1.21110000
1.82619622 -0.93420000
1.88011624 -0.64270000
1.93403625 -0.42460000
1.98795624 -0.37970000
2.04187626 -0.49130000
2.09579627 -0.63110000
2.14971629 -0.71230000
2.20363630 -0.73270000
2.25755632 -0.72160000
2.31147633 -0.70060000
2.36539635 -0.68080000
2.41931636 -0.66760000
2.47323638 -0.66300000

0.00000000 1.48100000
0.03773015 1.48270000
0.07546030 1.48800000
0.11319045 1.49720000
0.15092061 1.51130000
0.18865076 1.53120000
0.22638091 1.55810000
0.26411106 1.59280000
0.30184121 1.63650000
0.33957136 1.68970000
0.37730150 1.75310000
0.41503165 1.69820000
0.45276181 1.47160000
0.49049196 1.26390000
0.52822211 1.08810000
0.56595226 0.96920000
0.60368241 0.93970000
0.64141256 1.00570000
0.67914272 1.13710000
0.71687287 1.30440000
0.71687287 1.30440000
0.75539304 1.26200000
0.79391321 1.20320000
0.83243338 1.21710000
0.87095355 1.33150000
0.90947373 1.52400000
0.94799390 1.76000000
0.98651407 2.00990000
1.02503424 2.24970000
1.06355441 2.45960000
1.10207457 2.63030000
1.14059474 2.76550000
1.17911491 2.87480000
1.21763509 2.96590000
1.25615526 3.04290000
1.29467543 3.10710000
1.33319560 3.15840000
1.37171577 3.19600000
1.41023595 3.21900000
1.44875612 3.22670000
1.44875612 3.22670000
1.50267613 3.19290000
1.55659615 3.09440000
1.61051616 2.93950000
1.66443618 2.73830000
1.71835619 2.49810000
1.77227621 2.22380000
1.82619622 1.92650000
1.88011624 1.64550000
1.93403625 1.46820000
1.98795624 1.49720000
2.04187626 1.67530000
2.09579627 1.70040000
2.14971629 1.66240000
2.20363630 1.59950000
2.25755632 1.55040000
2.31147633 1.51640000
2.36539635 1.49540000
2.41931636 1.48440000
2.47323638 1.48100000

0.00000000 3.29950000
0.03773015 3.30800000
0.07546030 3.33240000
0.11319045 3.36860000
0.15092061 3.37240000
0.18865076 3.15660000
0.22638091 2.92290000
0.26411106 2.67900000
0.30184121 2.43060000
0.33957136 2.18190000
0.37730150 1.93650000
0.41503165 1.82670000
0.45276181 1.91050000
0.49049196 2.00370000
0.52822211 2.06010000
0.56595226 1.99150000
0.60368241 1.89330000
0.64141256 1.68920000
0.67914272 1.49110000
0.71687287 1.30440000
0.71687287 1.30440000
0.75539304 1.26200000
0.79391321 1.20320000
0.83243338 1.21710000
0.87095355 1.33150000
0.90947373 1.52400000
0.94799390 1.76000000
0.98651407 2.00990000
1.02503424 2.24970000
1.06355441 2.45960000
1.10207457 2.63030000
1.14059474 2.76550000
1.17911491 2.87480000
1.21763509 2.96590000
1.25615526 3.04290000
1.29467543 3.10710000
1.33319560 3.15840000
1.37171577 3.19600000
1.41023595 3.21900000
1.44875612 3.22670000
1.44875612 3.22670000
1.50267613 3.22900000
1.55659615 3.23770000
1.61051616 3.25680000
1.66443618 3.29000000
1.71835619 3.33960000
1.77227621 3.20950000
1.82619622 2.86800000
1.88011624 2.58260000
1.93403625 2.35440000
1.98795624 2.03660000
2.04187626 1.76520000
2.09579627 1.72140000
2.14971629 1.88270000
2.20363630 2.24500000
2.25755632 2.69170000
2.31147633 3.14920000
2.36539635 3.37810000
2.41931636 3.32050000
2.47323638 3.29950000

0.00000000 3.75320000
0.03773015 3.74370000
0.07546030 3.68960000
0.11319045 3.55780000
0.15092061 3.40940000
0.18865076 3.44340000
0.22638091 3.40970000
0.26411106 3.20330000
0.30184121 2.99770000
0.33957136 2.79850000
0.37730150 2.61070000
0.41503165 2.43880000
0.45276181 2.28710000
0.49049196 2.15960000
0.52822211 2.10290000
0.56595226 2.09290000
0.60368241 1.95570000
0.64141256 1.95370000
0.67914272 1.98480000
0.71687287 2.04740000
0.71687287 2.04740000
0.75539304 2.13280000
0.79391321 2.32940000
0.83243338 2.55300000
0.87095355 2.72340000
0.90947373 2.82480000
0.94799390 2.91330000
0.98651407 3.01600000
1.02503424 3.14690000
1.06355441 3.31560000
1.10207457 3.52210000
1.14059474 3.75240000
1.17911491 3.98590000
1.21763509 4.20280000
1.25615526 4.38760000
1.29467543 4.52990000
1.33319560 4.62590000
1.37171577 4.67590000
1.41023595 4.69140000
1.44875612 4.69360000
1.44875612 4.69360000
1.50267613 4.66290000
1.55659615 4.54430000
1.61051616 4.30490000
1.66443618 3.97060000
1.71835619 3.58940000
1.77227621 3.40490000
1.82619622 3.36650000
1.88011624 2.88690000
1.93403625 2.43000000
1.98795624 2.18670000
2.04187626 2.13760000
2.09579627 2.38660000
2.14971629 2.81690000
2.20363630 3.23840000
2.25755632 3.46290000
2.31147633 3.45070000
2.36539635 3.54460000
2.41931636 3.73790000
2.47323638 3.75320000

0.00000000 3.93100000
0.03773015 3.90750000
0.07546030 3.87030000
0.11319045 3.86720000
0.15092061 3.80330000
0.18865076 3.61010000
0.22638091 3.45610000
0.26411106 3.43250000
0.30184121 3.36400000
0.33957136 3.25100000
0.37730150 3.10170000
0.41503165 2.92640000
0.45276181 2.73400000
0.49049196 2.53150000
0.52822211 2.32760000
0.56595226 2.24040000
0.60368241 2.35300000
0.64141256 2.25740000
0.67914272 2.13930000
0.71687287 2.04740000
0.71687287 2.04740000
0.75539304 2.13280000
0.79391321 2.32950000
0.83243338 2.55310000
0.87095355 2.72360000
0.90947373 2.82480000
0.94799390 2.91330000
0.98651407 3.01600000
1.02503424 3.14690000
1.06355441 3.31560000
1.10207457 3.52210000
1.14059474 3.75240000
1.17911491 3.98590000
1.21763509 4.20280000
1.25615526 4.38770000
1.29467543 4.53150000
1.33319560 4.62610000
1.37171577 4.68310000
1.41023595 4.69190000
1.44875612 4.69360000
1.44875612 4.69360000
1.50267613 4.72860000
1.55659615 4.78260000
1.61051616 4.75880000
1.66443618 4.75600000
1.71835619 4.35110000
1.77227621 3.87700000
1.82619622 3.50150000
1.88011624 3.58780000
1.93403625 3.69040000
1.98795624 3.79330000
2.04187626 3.88060000
2.09579627 3.92950000
2.14971629 3.93150000
2.20363630 3.92250000
2.25755632 3.88590000
2.31147633 3.85340000
2.36539635 3.83160000
2.41931636 3.88020000
2.47323638 3.93120000

