  #K-Path    Energy        Sn        Se
# NKPTS & NBANDS:  60  14
# Band-Index    1
    0.000  -13.7842     0.128     0.572
    0.038  -13.7814     0.128     0.572
    0.075  -13.7729     0.128     0.572
    0.113  -13.7588     0.126     0.574
    0.151  -13.7392     0.126     0.576
    0.189  -13.7143     0.124     0.580
    0.226  -13.6843     0.122     0.582
    0.264  -13.6496     0.118     0.588
    0.302  -13.6104     0.116     0.592
    0.340  -13.5671     0.112     0.596
    0.377  -13.5201     0.110     0.602
    0.415  -13.4701     0.106     0.610
    0.453  -13.4176     0.100     0.616
    0.490  -13.3632     0.096     0.624
    0.528  -13.3077     0.090     0.632
    0.566  -13.2518     0.086     0.640
    0.604  -13.1962     0.080     0.648
    0.641  -13.1419     0.074     0.656
    0.679  -13.0896     0.070     0.664
    0.717  -13.0401     0.064     0.672
    0.717  -13.0401     0.064     0.672
    0.755  -13.0384     0.064     0.672
    0.794  -13.0333     0.064     0.673
    0.832  -13.0250     0.063     0.674
    0.871  -13.0137     0.063     0.675
    0.909  -12.9995     0.062     0.677
    0.948  -12.9828     0.060     0.679
    0.987  -12.9640     0.059     0.682
    1.025  -12.9435     0.058     0.684
    1.064  -12.9219     0.056     0.687
    1.102  -12.8996     0.054     0.690
    1.141  -12.8774     0.052     0.693
    1.179  -12.8558     0.051     0.697
    1.218  -12.8354     0.050     0.700
    1.256  -12.8169     0.049     0.702
    1.295  -12.8009     0.047     0.704
    1.333  -12.7878     0.046     0.706
    1.372  -12.7781     0.045     0.708
    1.410  -12.7722     0.045     0.709
    1.449  -12.7702     0.044     0.709
    1.449  -12.7702     0.044     0.709
    1.503  -12.7783     0.046     0.708
    1.557  -12.8022     0.048     0.704
    1.611  -12.8409     0.052     0.698
    1.664  -12.8931     0.056     0.688
    1.718  -12.9566     0.062     0.680
    1.772  -13.0291     0.070     0.668
    1.826  -13.1082     0.076     0.656
    1.880  -13.1912     0.084     0.644
    1.934  -13.2755     0.090     0.634
    1.988  -13.3587     0.098     0.622
    2.042  -13.4387     0.104     0.612
    2.096  -13.5135     0.110     0.602
    2.150  -13.5815     0.114     0.594
    2.204  -13.6412     0.118     0.588
    2.258  -13.6916     0.122     0.582
    2.311  -13.7316     0.124     0.578
    2.365  -13.7607     0.126     0.574
    2.419  -13.7783     0.128     0.572
    2.473  -13.7842     0.128     0.572
 
# Band-Index    2
    2.473  -12.7913     0.042     0.698
    2.419  -12.7902     0.042     0.698
    2.365  -12.7870     0.040     0.700
    2.311  -12.7821     0.040     0.702
    2.258  -12.7758     0.038     0.704
    2.204  -12.7688     0.038     0.706
    2.150  -12.7617     0.036     0.708
    2.096  -12.7551     0.034     0.712
    2.042  -12.7498     0.034     0.714
    1.988  -12.7460     0.034     0.716
    1.934  -12.7443     0.034     0.716
    1.880  -12.7445     0.034     0.716
    1.826  -12.7465     0.036     0.716
    1.772  -12.7499     0.038     0.714
    1.718  -12.7543     0.038     0.714
    1.664  -12.7590     0.040     0.712
    1.611  -12.7634     0.042     0.710
    1.557  -12.7670     0.044     0.710
    1.503  -12.7694     0.044     0.710
    1.449  -12.7702     0.044     0.709
    1.449  -12.7702     0.044     0.709
    1.410  -12.7722     0.045     0.709
    1.372  -12.7781     0.045     0.708
    1.333  -12.7878     0.046     0.706
    1.295  -12.8009     0.047     0.704
    1.256  -12.8169     0.049     0.702
    1.218  -12.8354     0.050     0.700
    1.179  -12.8558     0.051     0.697
    1.141  -12.8774     0.052     0.693
    1.102  -12.8996     0.054     0.690
    1.064  -12.9219     0.056     0.687
    1.025  -12.9435     0.058     0.684
    0.987  -12.9640     0.059     0.682
    0.948  -12.9828     0.060     0.679
    0.909  -12.9995     0.062     0.677
    0.871  -13.0137     0.063     0.675
    0.832  -13.0250     0.063     0.674
    0.794  -13.0333     0.064     0.673
    0.755  -13.0384     0.064     0.672
    0.717  -13.0401     0.064     0.672
    0.717  -13.0401     0.064     0.672
    0.679  -12.9941     0.058     0.680
    0.641  -12.9522     0.054     0.686
    0.604  -12.9149     0.050     0.692
    0.566  -12.8824     0.046     0.696
    0.528  -12.8550     0.044     0.700
    0.490  -12.8326     0.040     0.704
    0.453  -12.8150     0.040     0.706
    0.415  -12.8018     0.038     0.706
    0.377  -12.7925     0.038     0.706
    0.340  -12.7866     0.038     0.706
    0.302  -12.7835     0.038     0.706
    0.264  -12.7824     0.038     0.704
    0.226  -12.7829     0.040     0.702
    0.189  -12.7844     0.040     0.702
    0.151  -12.7863     0.040     0.700
    0.113  -12.7882     0.040     0.700
    0.075  -12.7898     0.042     0.698
    0.038  -12.7909     0.042     0.698
    0.000  -12.7913     0.042     0.698
 
# Band-Index    3
    0.000   -6.7255     0.710     0.106
    0.038   -6.7367     0.708     0.106
    0.075   -6.7694     0.704     0.106
    0.113   -6.8215     0.698     0.106
    0.151   -6.8896     0.688     0.106
    0.189   -6.9697     0.680     0.106
    0.226   -7.0579     0.670     0.106
    0.264   -7.1502     0.660     0.104
    0.302   -7.2430     0.652     0.104
    0.340   -7.3328     0.644     0.102
    0.377   -7.4169     0.636     0.102
    0.415   -7.4925     0.628     0.102
    0.453   -7.5576     0.622     0.104
    0.490   -7.6104     0.614     0.106
    0.528   -7.6493     0.608     0.108
    0.566   -7.6732     0.600     0.112
    0.604   -7.6815     0.594     0.116
    0.641   -7.6737     0.586     0.122
    0.679   -7.6498     0.580     0.130
    0.717   -7.6100     0.572     0.138
    0.717   -7.6100     0.572     0.138
    0.755   -7.6058     0.573     0.138
    0.794   -7.5931     0.574     0.138
    0.832   -7.5721     0.576     0.138
    0.871   -7.5430     0.578     0.137
    0.909   -7.5059     0.581     0.136
    0.948   -7.4612     0.585     0.135
    0.987   -7.4094     0.589     0.133
    1.025   -7.3511     0.595     0.133
    1.064   -7.2869     0.601     0.131
    1.102   -7.2180     0.609     0.129
    1.141   -7.1454     0.617     0.126
    1.179   -7.0708     0.627     0.123
    1.218   -6.9963     0.638     0.119
    1.256   -6.9242     0.649     0.116
    1.295   -6.8576     0.662     0.112
    1.333   -6.8001     0.673     0.108
    1.372   -6.7552     0.683     0.105
    1.410   -6.7266     0.690     0.103
    1.449   -6.7168     0.692     0.101
    1.449   -6.7168     0.692     0.101
    1.503   -6.7380     0.690     0.102
    1.557   -6.7974     0.686     0.100
    1.611   -6.8838     0.680     0.100
    1.664   -6.9837     0.674     0.098
    1.718   -7.0844     0.668     0.096
    1.772   -7.1756     0.664     0.094
    1.826   -7.2500     0.662     0.094
    1.880   -7.3024     0.660     0.092
    1.934   -7.3299     0.660     0.092
    1.988   -7.3309     0.660     0.094
    2.042   -7.3054     0.662     0.094
    2.096   -7.2549     0.664     0.096
    2.150   -7.1824     0.668     0.100
    2.204   -7.0929     0.674     0.102
    2.258   -6.9936     0.682     0.104
    2.311   -6.8942     0.690     0.106
    2.365   -6.8073     0.700     0.106
    2.419   -6.7472     0.708     0.106
    2.473   -6.7255     0.710     0.106
 
# Band-Index    4
    2.473   -5.7483     0.522     0.280
    2.419   -5.7731     0.522     0.278
    2.365   -5.8440     0.524     0.274
    2.311   -5.9517     0.528     0.268
    2.258   -6.0836     0.530     0.260
    2.204   -6.2277     0.534     0.250
    2.150   -6.3736     0.536     0.240
    2.096   -6.5129     0.542     0.230
    2.042   -6.6395     0.546     0.220
    1.988   -6.7485     0.552     0.208
    1.934   -6.8365     0.560     0.196
    1.880   -6.9007     0.570     0.184
    1.826   -6.9394     0.580     0.172
    1.772   -6.9516     0.592     0.160
    1.718   -6.9380     0.606     0.148
    1.664   -6.9011     0.624     0.136
    1.611   -6.8468     0.642     0.124
    1.557   -6.7863     0.664     0.114
    1.503   -6.7365     0.684     0.106
    1.449   -6.7168     0.692     0.101
    1.449   -6.7168     0.692     0.101
    1.410   -6.7266     0.690     0.103
    1.372   -6.7552     0.683     0.105
    1.333   -6.8001     0.673     0.108
    1.295   -6.8576     0.662     0.112
    1.256   -6.9242     0.649     0.116
    1.218   -6.9963     0.638     0.119
    1.179   -7.0708     0.627     0.123
    1.141   -7.1454     0.617     0.126
    1.102   -7.2180     0.609     0.129
    1.064   -7.2869     0.601     0.131
    1.025   -7.3511     0.595     0.133
    0.987   -7.4094     0.589     0.133
    0.948   -7.4612     0.585     0.135
    0.909   -7.5059     0.581     0.136
    0.871   -7.5430     0.578     0.137
    0.832   -7.5721     0.576     0.138
    0.794   -7.5931     0.574     0.138
    0.755   -7.6058     0.573     0.138
    0.717   -7.6100     0.572     0.138
    0.717   -7.6100     0.572     0.138
    0.679   -7.5549     0.566     0.146
    0.641   -7.4851     0.560     0.156
    0.604   -7.4017     0.554     0.166
    0.566   -7.3058     0.548     0.176
    0.528   -7.1988     0.544     0.184
    0.490   -7.0820     0.540     0.194
    0.453   -6.9572     0.536     0.204
    0.415   -6.8261     0.534     0.214
    0.377   -6.6909     0.532     0.222
    0.340   -6.5539     0.530     0.232
    0.302   -6.4176     0.528     0.240
    0.264   -6.2850     0.528     0.248
    0.226   -6.1594     0.528     0.256
    0.189   -6.0444     0.526     0.262
    0.151   -5.9437     0.526     0.268
    0.113   -5.8609     0.524     0.274
    0.075   -5.7992     0.524     0.278
    0.038   -5.7611     0.522     0.280
    0.000   -5.7483     0.522     0.280
 
# Band-Index    5
    0.000   -3.8872     0.372     0.228
    0.038   -3.8881     0.368     0.230
    0.075   -3.8896     0.358     0.236
    0.113   -3.8892     0.344     0.244
    0.151   -3.8838     0.326     0.252
    0.189   -3.8709     0.312     0.262
    0.226   -3.8489     0.296     0.272
    0.264   -3.8171     0.284     0.280
    0.302   -3.7755     0.274     0.288
    0.340   -3.7244     0.264     0.296
    0.377   -3.6644     0.256     0.304
    0.415   -3.5961     0.250     0.312
    0.453   -3.5203     0.242     0.320
    0.490   -3.4379     0.236     0.328
    0.528   -3.3497     0.230     0.336
    0.566   -3.2568     0.224     0.346
    0.604   -3.1605     0.218     0.356
    0.641   -3.0620     0.210     0.366
    0.679   -2.9631     0.202     0.378
    0.717   -2.8662     0.195     0.390
    0.717   -2.8662     0.195     0.390
    0.755   -2.8691     0.194     0.389
    0.794   -2.8804     0.192     0.392
    0.832   -2.9117     0.188     0.393
    0.871   -2.9932     0.188     0.388
    0.909   -3.1479     0.199     0.371
    0.948   -3.3462     0.215     0.351
    0.987   -3.5570     0.228     0.333
    1.025   -3.7665     0.239     0.318
    1.064   -3.9681     0.247     0.305
    1.102   -4.1582     0.254     0.294
    1.141   -4.3344     0.261     0.284
    1.179   -4.4947     0.265     0.277
    1.218   -4.6377     0.267     0.270
    1.256   -4.7621     0.269     0.264
    1.295   -4.8665     0.269     0.260
    1.333   -4.9498     0.269     0.257
    1.372   -5.0106     0.267     0.257
    1.410   -5.0477     0.266     0.255
    1.449   -5.0601     0.265     0.255
    1.449   -5.0601     0.265     0.255
    1.503   -5.0605     0.262     0.256
    1.557   -5.0566     0.256     0.260
    1.611   -5.0395     0.248     0.264
    1.664   -5.0037     0.244     0.268
    1.718   -4.9477     0.240     0.272
    1.772   -4.8726     0.236     0.276
    1.826   -4.7802     0.234     0.280
    1.880   -4.6730     0.232     0.286
    1.934   -4.5534     0.230     0.292
    1.988   -4.4243     0.228     0.300
    2.042   -4.2888     0.226     0.308
    2.096   -4.1505     0.224     0.316
    2.150   -4.0138     0.220     0.324
    2.204   -3.8837     0.218     0.334
    2.258   -3.8558     0.308     0.266
    2.311   -3.8811     0.326     0.254
    2.365   -3.8901     0.346     0.242
    2.419   -3.8891     0.364     0.232
    2.473   -3.8872     0.372     0.228
 
# Band-Index    6
    2.473   -3.5401     0.208     0.356
    2.419   -3.5448     0.208     0.360
    2.365   -3.5893     0.210     0.358
    2.311   -3.6654     0.212     0.350
    2.258   -3.7656     0.214     0.342
    2.204   -3.8126     0.292     0.278
    2.150   -3.7528     0.278     0.288
    2.096   -3.6800     0.266     0.300
    2.042   -3.5996     0.256     0.314
    1.988   -3.5205     0.244     0.328
    1.934   -3.4589     0.232     0.342
    1.880   -3.4446     0.220     0.352
    1.826   -3.5189     0.220     0.342
    1.772   -3.7310     0.258     0.310
    1.718   -4.0277     0.284     0.284
    1.664   -4.3366     0.296     0.266
    1.611   -4.6196     0.294     0.256
    1.557   -4.8506     0.284     0.254
    1.503   -5.0052     0.272     0.254
    1.449   -5.0601     0.265     0.255
    1.449   -5.0601     0.265     0.255
    1.410   -5.0477     0.266     0.255
    1.372   -5.0106     0.267     0.257
    1.333   -4.9498     0.269     0.257
    1.295   -4.8665     0.269     0.260
    1.256   -4.7621     0.269     0.264
    1.218   -4.6377     0.267     0.270
    1.179   -4.4947     0.265     0.277
    1.141   -4.3344     0.261     0.284
    1.102   -4.1582     0.254     0.294
    1.064   -3.9681     0.247     0.305
    1.025   -3.7665     0.239     0.318
    0.987   -3.5570     0.228     0.333
    0.948   -3.3462     0.215     0.351
    0.909   -3.1479     0.199     0.371
    0.871   -2.9932     0.188     0.388
    0.832   -2.9117     0.188     0.393
    0.794   -2.8804     0.192     0.392
    0.755   -2.8691     0.194     0.389
    0.717   -2.8662     0.195     0.390
    0.717   -2.8662     0.195     0.390
    0.679   -2.7741     0.186     0.402
    0.641   -2.6908     0.178     0.412
    0.604   -2.6219     0.170     0.422
    0.566   -2.5741     0.164     0.428
    0.528   -2.6643     0.158     0.430
    0.490   -2.7649     0.166     0.420
    0.453   -2.8628     0.174     0.412
    0.415   -2.9565     0.182     0.404
    0.377   -3.0450     0.188     0.398
    0.340   -3.1273     0.192     0.392
    0.302   -3.2026     0.198     0.386
    0.264   -3.2703     0.202     0.382
    0.226   -3.3298     0.204     0.378
    0.189   -3.3808     0.206     0.374
    0.151   -3.4230     0.210     0.372
    0.113   -3.4560     0.210     0.370
    0.075   -3.4958     0.212     0.354
    0.038   -3.5289     0.208     0.356
    0.000   -3.5401     0.208     0.356
 
# Band-Index    7
    0.000   -3.4988     0.212     0.368
    0.038   -3.4940     0.212     0.368
    0.075   -3.4797     0.212     0.370
    0.113   -3.4428     0.216     0.354
    0.151   -3.3726     0.222     0.354
    0.189   -3.2885     0.228     0.352
    0.226   -3.1938     0.230     0.354
    0.264   -3.0917     0.232     0.356
    0.302   -2.9859     0.230     0.360
    0.340   -2.8799     0.226     0.366
    0.377   -2.7785     0.218     0.376
    0.415   -2.6876     0.204     0.390
    0.453   -2.6148     0.190     0.404
    0.490   -2.5684     0.176     0.418
    0.528   -2.5546     0.166     0.428
    0.566   -2.5626     0.148     0.440
    0.604   -2.4619     0.136     0.452
    0.641   -2.3644     0.126     0.464
    0.679   -2.2727     0.114     0.476
    0.717   -2.1897     0.104     0.489
    0.717   -2.1897     0.104     0.489
    0.755   -2.2363     0.116     0.475
    0.794   -2.3575     0.144     0.445
    0.832   -2.5111     0.175     0.413
    0.871   -2.6422     0.197     0.391
    0.909   -2.7130     0.202     0.388
    0.948   -2.7457     0.198     0.393
    0.987   -2.7687     0.194     0.398
    1.025   -2.7972     0.190     0.402
    1.064   -2.8421     0.188     0.404
    1.102   -2.9127     0.192     0.398
    1.141   -3.0127     0.199     0.387
    1.179   -3.1364     0.208     0.373
    1.218   -3.2717     0.215     0.360
    1.256   -3.4060     0.218     0.350
    1.295   -3.5289     0.218     0.342
    1.333   -3.6327     0.216     0.339
    1.372   -3.7114     0.214     0.335
    1.410   -3.7604     0.212     0.334
    1.449   -3.7771     0.211     0.334
    1.449   -3.7771     0.211     0.334
    1.503   -3.7693     0.212     0.334
    1.557   -3.7461     0.210     0.336
    1.611   -3.7078     0.210     0.338
    1.664   -3.6551     0.210     0.342
    1.718   -3.5889     0.210     0.346
    1.772   -3.5095     0.212     0.352
    1.826   -3.4082     0.214     0.356
    1.880   -3.2890     0.200     0.360
    1.934   -3.1786     0.188     0.368
    1.988   -3.0648     0.182     0.378
    2.042   -2.9470     0.176     0.388
    2.096   -2.8287     0.170     0.398
    2.150   -2.7137     0.164     0.410
    2.204   -2.6169     0.190     0.416
    2.258   -2.8880     0.208     0.392
    2.311   -3.1376     0.214     0.376
    2.365   -3.3379     0.216     0.368
    2.419   -3.4651     0.214     0.364
    2.473   -3.4988     0.212     0.368
 
# Band-Index    8
    2.473   -2.3130     0.144     0.460
    2.419   -2.3319     0.140     0.454
    2.365   -2.3702     0.142     0.448
    2.311   -2.4305     0.146     0.442
    2.258   -2.5104     0.152     0.432
    2.204   -2.6062     0.158     0.422
    2.150   -2.3627     0.160     0.448
    2.096   -2.1763     0.128     0.482
    2.042   -2.0928     0.116     0.496
    1.988   -2.0992     0.122     0.492
    1.934   -2.1638     0.134     0.482
    1.880   -2.2682     0.144     0.468
    1.826   -2.4102     0.156     0.452
    1.772   -2.5975     0.172     0.428
    1.718   -2.8328     0.194     0.398
    1.664   -3.0967     0.212     0.372
    1.611   -3.3554     0.220     0.352
    1.557   -3.5747     0.218     0.340
    1.503   -3.7238     0.214     0.334
    1.449   -3.7771     0.211     0.334
    1.449   -3.7771     0.211     0.334
    1.410   -3.7604     0.212     0.334
    1.372   -3.7114     0.214     0.335
    1.333   -3.6327     0.216     0.339
    1.295   -3.5289     0.218     0.342
    1.256   -3.4060     0.218     0.350
    1.218   -3.2717     0.215     0.360
    1.179   -3.1364     0.208     0.373
    1.141   -3.0127     0.199     0.387
    1.102   -2.9127     0.192     0.398
    1.064   -2.8421     0.188     0.404
    1.025   -2.7972     0.190     0.402
    0.987   -2.7687     0.194     0.398
    0.948   -2.7457     0.198     0.393
    0.909   -2.7130     0.202     0.388
    0.871   -2.6422     0.197     0.391
    0.832   -2.5111     0.175     0.413
    0.794   -2.3575     0.144     0.445
    0.755   -2.2363     0.116     0.475
    0.717   -2.1897     0.104     0.489
    0.717   -2.1897     0.104     0.489
    0.679   -2.1180     0.094     0.500
    0.641   -2.0600     0.086     0.508
    0.604   -2.0176     0.082     0.514
    0.566   -1.9913     0.080     0.518
    0.528   -1.9809     0.080     0.518
    0.490   -1.9848     0.084     0.516
    0.453   -2.0007     0.090     0.510
    0.415   -2.0260     0.096     0.506
    0.377   -2.0579     0.102     0.498
    0.340   -2.0937     0.110     0.492
    0.302   -2.1311     0.116     0.486
    0.264   -2.1682     0.124     0.480
    0.226   -2.2032     0.128     0.474
    0.189   -2.2348     0.134     0.470
    0.151   -2.2620     0.136     0.466
    0.113   -2.2839     0.140     0.462
    0.075   -2.3000     0.142     0.460
    0.038   -2.3098     0.144     0.460
    0.000   -2.3130     0.144     0.460
 
# Band-Index    9
    0.000   -2.3063     0.142     0.442
    0.038   -2.2884     0.146     0.440
    0.075   -2.2362     0.156     0.436
    0.113   -2.1539     0.170     0.430
    0.151   -2.0466     0.188     0.424
    0.189   -1.9198     0.204     0.418
    0.226   -1.7782     0.220     0.412
    0.264   -1.6257     0.234     0.406
    0.302   -1.4656     0.246     0.402
    0.340   -1.3130     0.270     0.390
    0.377   -1.3560     0.294     0.364
    0.415   -1.3908     0.322     0.334
    0.453   -1.4093     0.348     0.304
    0.490   -1.4024     0.374     0.276
    0.528   -1.3629     0.392     0.254
    0.566   -1.2892     0.400     0.240
    0.604   -1.1854     0.400     0.238
    0.641   -1.0585     0.396     0.240
    0.679   -0.9161     0.386     0.250
    0.717   -0.7661     0.373     0.267
    0.717   -0.7661     0.373     0.267
    0.755   -0.7515     0.359     0.284
    0.794   -0.7358     0.331     0.321
    0.832   -0.7725     0.313     0.346
    0.871   -0.8859     0.315     0.345
    0.909   -1.0586     0.327     0.331
    0.948   -1.2615     0.338     0.313
    0.987   -1.4721     0.349     0.297
    1.025   -1.6736     0.355     0.285
    1.064   -1.8518     0.356     0.279
    1.102   -1.9945     0.352     0.280
    1.141   -2.0957     0.340     0.290
    1.179   -2.1587     0.325     0.303
    1.218   -2.1934     0.311     0.317
    1.256   -2.2101     0.300     0.329
    1.295   -2.2166     0.292     0.337
    1.333   -2.2177     0.286     0.344
    1.372   -2.2166     0.283     0.349
    1.410   -2.2153     0.280     0.352
    1.449   -2.2147     0.280     0.352
    1.449   -2.2147     0.280     0.352
    1.503   -2.2281     0.282     0.350
    1.557   -2.2664     0.286     0.342
    1.611   -2.3244     0.294     0.330
    1.664   -2.3924     0.304     0.312
    1.718   -2.4537     0.324     0.290
    1.772   -2.4765     0.350     0.260
    1.826   -2.4031     0.378     0.236
    1.880   -2.1847     0.384     0.236
    1.934   -1.8581     0.360     0.268
    1.988   -1.5052     0.320     0.316
    2.042   -1.2119     0.266     0.382
    2.096   -1.0753     0.212     0.442
    2.150   -1.1423     0.188     0.468
    2.204   -1.3519     0.186     0.464
    2.258   -1.6168     0.184     0.454
    2.311   -1.8783     0.176     0.446
    2.365   -2.0984     0.164     0.444
    2.419   -2.2475     0.152     0.446
    2.473   -2.3063     0.142     0.442
 
# Band-Index   10
    2.473   -1.0816     0.166     0.484
    2.419   -1.0862     0.168     0.484
    2.365   -1.0995     0.176     0.478
    2.311   -1.1192     0.190     0.468
    2.258   -1.1403     0.210     0.452
    2.204   -1.1514     0.238     0.430
    2.150   -1.1310     0.272     0.402
    2.096   -1.0497     0.300     0.380
    2.042   -0.9099     0.302     0.382
    1.988   -0.7984     0.282     0.400
    1.934   -0.8433     0.284     0.394
    1.880   -1.0614     0.308     0.358
    1.826   -1.3529     0.328     0.330
    1.772   -1.6298     0.330     0.320
    1.718   -1.8473     0.320     0.324
    1.664   -1.9997     0.304     0.336
    1.611   -2.1014     0.292     0.344
    1.557   -2.1664     0.286     0.348
    1.503   -2.2029     0.282     0.352
    1.449   -2.2147     0.280     0.352
    1.449   -2.2147     0.280     0.352
    1.410   -2.2153     0.280     0.352
    1.372   -2.2166     0.283     0.349
    1.333   -2.2177     0.286     0.344
    1.295   -2.2166     0.292     0.337
    1.256   -2.2101     0.300     0.329
    1.218   -2.1934     0.311     0.317
    1.179   -2.1587     0.325     0.303
    1.141   -2.0957     0.340     0.290
    1.102   -1.9945     0.352     0.280
    1.064   -1.8518     0.356     0.279
    1.025   -1.6736     0.355     0.285
    0.987   -1.4721     0.349     0.297
    0.948   -1.2615     0.338     0.313
    0.909   -1.0586     0.327     0.331
    0.871   -0.8859     0.315     0.345
    0.832   -0.7725     0.313     0.346
    0.794   -0.7358     0.331     0.321
    0.755   -0.7515     0.359     0.284
    0.717   -0.7661     0.373     0.267
    0.717   -0.7661     0.373     0.267
    0.679   -0.6191     0.354     0.292
    0.641   -0.4930     0.328     0.330
    0.604   -0.4187     0.296     0.374
    0.566   -0.4273     0.276     0.402
    0.528   -0.5137     0.272     0.408
    0.490   -0.6461     0.272     0.404
    0.453   -0.8006     0.272     0.398
    0.415   -0.9648     0.270     0.396
    0.377   -1.1326     0.264     0.396
    0.340   -1.3004     0.256     0.398
    0.302   -1.2680     0.248     0.412
    0.264   -1.2249     0.230     0.432
    0.226   -1.1863     0.212     0.446
    0.189   -1.1534     0.198     0.460
    0.151   -1.1269     0.186     0.468
    0.113   -1.1067     0.178     0.476
    0.075   -1.0926     0.172     0.482
    0.038   -1.0843     0.168     0.484
    0.000   -1.0816     0.166     0.484
 
# Band-Index   11
    0.000    1.0624     0.430     0.032
    0.038    1.0641     0.430     0.032
    0.075    1.0693     0.428     0.032
    0.113    1.0786     0.426     0.032
    0.151    1.0927     0.422     0.034
    0.189    1.1126     0.416     0.038
    0.226    1.1394     0.410     0.040
    0.264    1.1742     0.404     0.046
    0.302    1.2178     0.396     0.052
    0.340    1.2711     0.390     0.058
    0.377    1.3344     0.382     0.066
    0.415    1.2796     0.468     0.134
    0.453    1.0530     0.472     0.126
    0.490    0.8452     0.478     0.114
    0.528    0.6694     0.484     0.104
    0.566    0.5506     0.486     0.104
    0.604    0.5210     0.470     0.128
    0.641    0.5870     0.446     0.170
    0.679    0.7184     0.424     0.202
    0.717    0.8857     0.409     0.225
    0.717    0.8857     0.409     0.225
    0.755    0.8434     0.435     0.195
    0.794    0.7845     0.469     0.149
    0.832    0.7985     0.482     0.125
    0.871    0.9128     0.470     0.130
    0.909    1.1054     0.448     0.148
    0.948    1.3413     0.423     0.169
    0.987    1.5913     0.398     0.183
    1.025    1.8311     0.376     0.190
    1.064    2.0410     0.358     0.188
    1.102    2.2116     0.351     0.181
    1.141    2.3468     0.352     0.172
    1.179    2.4561     0.360     0.165
    1.218    2.5472     0.370     0.160
    1.256    2.6242     0.382     0.155
    1.295    2.6884     0.394     0.151
    1.333    2.7397     0.405     0.148
    1.372    2.7773     0.413     0.145
    1.410    2.8003     0.418     0.143
    1.449    2.8081     0.420     0.143
    1.449    2.8081     0.420     0.143
    1.503    2.7742     0.416     0.142
    1.557    2.6757     0.406     0.142
    1.611    2.5209     0.392     0.142
    1.664    2.3196     0.380     0.142
    1.718    2.0795     0.376     0.144
    1.772    1.8051     0.384     0.146
    1.826    1.5078     0.410     0.140
    1.880    1.2268     0.450     0.120
    1.934    1.0495     0.488     0.094
    1.988    1.0785     0.484     0.094
    2.042    1.2567     0.414     0.110
    2.096    1.2817     0.560     0.092
    2.150    1.2438     0.396     0.056
    2.204    1.1809     0.406     0.046
    2.258    1.1317     0.414     0.038
    2.311    1.0977     0.422     0.034
    2.365    1.0767     0.426     0.032
    2.419    1.0657     0.430     0.032
    2.473    1.0624     0.430     0.032
 
# Band-Index   12
    2.473    2.8808     0.248     0.092
    2.419    2.9018     0.248     0.096
    2.365    2.9594     0.254     0.110
    2.311    2.7306     0.542     0.124
    2.258    2.2730     0.554     0.104
    2.204    1.8263     0.566     0.084
    2.150    1.4640     0.574     0.074
    2.096    1.3027     0.382     0.078
    2.042    1.3465     0.514     0.148
    1.988    1.6179     0.466     0.208
    1.934    1.9358     0.470     0.080
    1.880    2.1639     0.478     0.102
    1.826    2.4493     0.490     0.132
    1.772    2.7908     0.496     0.168
    1.718    2.9209     0.366     0.190
    1.664    2.8714     0.378     0.176
    1.611    2.8381     0.392     0.164
    1.557    2.8191     0.406     0.152
    1.503    2.8104     0.416     0.146
    1.449    2.8081     0.420     0.143
    1.449    2.8081     0.420     0.143
    1.410    2.8003     0.418     0.143
    1.372    2.7773     0.413     0.145
    1.333    2.7397     0.405     0.148
    1.295    2.6884     0.394     0.151
    1.256    2.6242     0.382     0.155
    1.218    2.5472     0.370     0.160
    1.179    2.4561     0.360     0.165
    1.141    2.3468     0.352     0.172
    1.102    2.2116     0.351     0.181
    1.064    2.0410     0.358     0.188
    1.025    1.8311     0.376     0.190
    0.987    1.5913     0.398     0.183
    0.948    1.3413     0.423     0.169
    0.909    1.1054     0.448     0.148
    0.871    0.9128     0.470     0.130
    0.832    0.7985     0.482     0.125
    0.794    0.7845     0.469     0.149
    0.755    0.8434     0.435     0.195
    0.717    0.8857     0.409     0.225
    0.717    0.8857     0.409     0.225
    0.679    1.0725     0.400     0.240
    0.641    1.2705     0.392     0.250
    0.604    1.4746     0.384     0.258
    0.566    1.5728     0.623     0.053
    0.528    1.6414     0.623     0.054
    0.490    1.5851     0.358     0.098
    0.453    1.4918     0.366     0.086
    0.415    1.4080     0.374     0.076
    0.377    1.5178     0.466     0.140
    0.340    1.7632     0.466     0.144
    0.302    2.0119     0.468     0.148
    0.264    2.2604     0.470     0.152
    0.226    2.5042     0.474     0.154
    0.189    2.7380     0.478     0.154
    0.151    2.9537     0.476     0.154
    0.113    2.9499     0.254     0.112
    0.075    2.9137     0.250     0.100
    0.038    2.8894     0.248     0.094
    0.000    2.8808     0.248     0.092
 
# Band-Index   13
    0.000    3.3345     0.124     0.092
    0.038    3.3251     0.174     0.104
    0.075    3.2709     0.345     0.134
    0.113    3.1392     0.454     0.150
    0.151    2.9907     0.262     0.130
    0.189    3.0248     0.274     0.154
    0.226    2.9910     0.593     0.110
    0.264    2.7846     0.594     0.102
    0.302    2.5790     0.598     0.094
    0.340    2.3799     0.601     0.086
    0.377    2.1920     0.606     0.078
    0.415    2.0201     0.612     0.070
    0.453    1.8684     0.617     0.062
    0.490    1.7410     0.620     0.056
    0.528    1.6843     0.344     0.122
    0.566    1.6742     0.358     0.266
    0.604    1.5371     0.620     0.056
    0.641    1.5350     0.616     0.062
    0.679    1.5661     0.608     0.072
    0.717    1.6288     0.598     0.082
    0.717    1.6288     0.598     0.082
    0.755    1.7142     0.573     0.108
    0.794    1.9108     0.532     0.147
    0.832    2.1344     0.481     0.170
    0.871    2.3047     0.414     0.164
    0.909    2.4061     0.389     0.156
    0.948    2.4946     0.393     0.156
    0.987    2.5973     0.405     0.161
    1.025    2.7282     0.423     0.172
    1.064    2.8970     0.438     0.189
    1.102    3.1034     0.447     0.212
    1.141    3.3337     0.449     0.232
    1.179    3.5672     0.441     0.249
    1.218    3.7841     0.426     0.261
    1.256    3.9689     0.398     0.266
    1.295    4.1112     0.359     0.260
    1.333    4.2072     0.299     0.225
    1.372    4.2572     0.226     0.156
    1.410    4.2727     0.183     0.101
    1.449    4.2749     0.171     0.083
    1.449    4.2749     0.171     0.082
    1.503    4.2442     0.203     0.127
    1.557    4.1256     0.311     0.220
    1.611    3.8863     0.411     0.252
    1.664    3.5519     0.463     0.237
    1.718    3.1707     0.488     0.206
    1.772    2.9862     0.352     0.204
    1.826    2.9478     0.372     0.310
    1.880    2.4683     0.404     0.286
    1.934    2.0113     0.430     0.252
    1.988    1.7680     0.480     0.062
    2.042    1.7189     0.534     0.064
    2.096    1.9679     0.546     0.118
    2.150    2.3982     0.514     0.160
    2.204    2.8197     0.464     0.182
    2.258    3.0442     0.346     0.168
    2.311    3.0321     0.274     0.136
    2.365    3.1259     0.504     0.138
    2.419    3.3192     0.219     0.110
    2.473    3.3345     0.124     0.092
 
# Band-Index   14
    2.473    3.5125     0.478     0.108
    2.419    3.4615     0.388     0.096
    2.365    3.4129     0.124     0.076
    2.311    3.4347     0.119     0.094
    2.258    3.4672     0.174     0.124
    2.204    3.5038     0.178     0.148
    2.150    3.5128     0.285     0.194
    2.096    3.5109     0.273     0.221
    2.042    3.4620     0.292     0.238
    1.988    3.3746     0.310     0.240
    1.934    3.2717     0.324     0.232
    1.880    3.1691     0.338     0.222
    1.826    3.0828     0.358     0.212
    1.772    3.4584     0.374     0.326
    1.718    3.9324     0.358     0.340
    1.664    4.3373     0.225     0.153
    1.611    4.3401     0.245     0.157
    1.557    4.3639     0.283     0.211
    1.503    4.3100     0.178     0.089
    1.449    4.2749     0.171     0.083
    1.449    4.2749     0.172     0.083
    1.410    4.2732     0.180     0.097
    1.372    4.2644     0.201     0.127
    1.333    4.2074     0.297     0.223
    1.295    4.1129     0.351     0.253
    1.256    3.9691     0.398     0.266
    1.218    3.7842     0.426     0.261
    1.179    3.5672     0.441     0.249
    1.141    3.3338     0.449     0.232
    1.102    3.1034     0.447     0.211
    1.064    2.8970     0.438     0.189
    1.025    2.7282     0.423     0.172
    0.987    2.5974     0.406     0.161
    0.948    2.4946     0.392     0.155
    0.909    2.4061     0.389     0.156
    0.871    2.3049     0.415     0.164
    0.832    2.1344     0.481     0.170
    0.794    1.9108     0.531     0.146
    0.755    1.7142     0.573     0.107
    0.717    1.6288     0.598     0.082
    0.717    1.6288     0.598     0.082
    0.679    1.7206     0.588     0.094
    0.641    1.8387     0.576     0.108
    0.604    1.9344     0.366     0.112
    0.566    1.8218     0.390     0.098
    0.528    1.9089     0.406     0.234
    0.490    2.1128     0.392     0.252
    0.453    2.3153     0.386     0.255
    0.415    2.5077     0.377     0.256
    0.377    2.6831     0.366     0.252
    0.340    2.8323     0.352     0.244
    0.302    2.9453     0.333     0.229
    0.264    3.0139     0.312     0.207
    0.226    3.0375     0.291     0.180
    0.189    3.1914     0.593     0.117
    0.151    3.3847     0.570     0.122
    0.113    3.4486     0.118     0.062
    0.075    3.4517     0.238     0.072
    0.038    3.4889     0.422     0.098
    0.000    3.5123     0.478     0.108
