#K-Path          Energy     s     py     pz     px    dxy    dyz    dz2    dxz  x2-y2    tot
# NKPTS & NBANDS:  60  14
# Band-Index    1
   0.00000    -13.784237  0.568  0.000  0.004  0.000  0.000  0.000  0.000  0.000  0.000  0.572
   0.03773    -13.781394  0.568  0.000  0.004  0.000  0.000  0.000  0.000  0.000  0.000  0.572
   0.07546    -13.772881  0.570  0.000  0.004  0.000  0.000  0.000  0.000  0.000  0.000  0.572
   0.11319    -13.758770  0.572  0.000  0.004  0.000  0.000  0.000  0.000  0.000  0.000  0.574
   0.15092    -13.739187  0.574  0.000  0.004  0.000  0.000  0.000  0.000  0.000  0.000  0.576
   0.18865    -13.714303  0.576  0.000  0.004  0.000  0.000  0.000  0.000  0.000  0.000  0.580
   0.22638    -13.684346  0.580  0.000  0.004  0.000  0.000  0.000  0.000  0.000  0.000  0.582
   0.26411    -13.649586  0.584  0.000  0.004  0.000  0.000  0.000  0.000  0.000  0.000  0.588
   0.30184    -13.610357  0.588  0.000  0.002  0.000  0.000  0.000  0.000  0.000  0.000  0.592
   0.33957    -13.567053  0.594  0.000  0.002  0.000  0.000  0.000  0.000  0.000  0.000  0.596
   0.37730    -13.520136  0.600  0.000  0.002  0.000  0.000  0.000  0.000  0.000  0.000  0.602
   0.41503    -13.470131  0.606  0.000  0.002  0.000  0.000  0.000  0.000  0.000  0.000  0.610
   0.45276    -13.417620  0.612  0.000  0.002  0.002  0.000  0.000  0.000  0.000  0.000  0.616
   0.49049    -13.363247  0.620  0.000  0.002  0.002  0.000  0.000  0.000  0.000  0.000  0.624
   0.52822    -13.307714  0.628  0.000  0.002  0.002  0.000  0.000  0.000  0.000  0.000  0.632
   0.56595    -13.251783  0.636  0.000  0.002  0.002  0.000  0.000  0.000  0.000  0.000  0.640
   0.60368    -13.196246  0.644  0.000  0.002  0.002  0.000  0.000  0.000  0.000  0.000  0.648
   0.64141    -13.141917  0.654  0.000  0.002  0.002  0.000  0.000  0.000  0.000  0.000  0.656
   0.67914    -13.089612  0.662  0.000  0.002  0.000  0.000  0.000  0.000  0.000  0.000  0.664
   0.71687    -13.040098  0.669  0.000  0.002  0.001  0.000  0.000  0.000  0.000  0.000  0.672
   0.71687    -13.040098  0.669  0.000  0.002  0.001  0.000  0.000  0.000  0.000  0.000  0.672
   0.75539    -13.038401  0.669  0.000  0.002  0.001  0.000  0.000  0.000  0.000  0.000  0.672
   0.79391    -13.033345  0.670  0.000  0.002  0.001  0.000  0.000  0.000  0.000  0.000  0.673
   0.83243    -13.025039  0.671  0.000  0.002  0.001  0.000  0.000  0.000  0.000  0.000  0.674
   0.87095    -13.013664  0.673  0.000  0.002  0.001  0.000  0.000  0.000  0.000  0.000  0.675
   0.90947    -12.999470  0.675  0.000  0.002  0.001  0.000  0.000  0.000  0.000  0.000  0.677
   0.94799    -12.982775  0.677  0.000  0.002  0.001  0.000  0.000  0.000  0.000  0.000  0.679
   0.98651    -12.963966  0.679  0.000  0.002  0.001  0.000  0.000  0.000  0.000  0.000  0.682
   1.02503    -12.943493  0.682  0.000  0.002  0.001  0.000  0.000  0.000  0.000  0.000  0.684
   1.06355    -12.921864  0.685  0.000  0.002  0.000  0.000  0.000  0.000  0.000  0.000  0.687
   1.10207    -12.899634  0.688  0.000  0.002  0.000  0.000  0.000  0.000  0.000  0.000  0.690
   1.14059    -12.877404  0.691  0.000  0.002  0.000  0.000  0.000  0.000  0.000  0.000  0.693
   1.17911    -12.855795  0.694  0.000  0.001  0.000  0.000  0.000  0.000  0.000  0.000  0.697
   1.21764    -12.835436  0.697  0.000  0.001  0.000  0.000  0.000  0.000  0.000  0.000  0.700
   1.25616    -12.816944  0.700  0.000  0.001  0.000  0.000  0.000  0.000  0.000  0.000  0.702
   1.29468    -12.800898  0.703  0.000  0.001  0.000  0.000  0.000  0.000  0.000  0.000  0.704
   1.33320    -12.787816  0.704  0.000  0.001  0.000  0.000  0.000  0.000  0.000  0.000  0.706
   1.37172    -12.778136  0.706  0.000  0.002  0.000  0.000  0.000  0.000  0.000  0.000  0.708
   1.41024    -12.772191  0.706  0.000  0.002  0.000  0.000  0.000  0.000  0.000  0.000  0.709
   1.44876    -12.770184  0.707  0.000  0.002  0.000  0.000  0.000  0.000  0.000  0.000  0.709
   1.44876    -12.770184  0.707  0.000  0.002  0.000  0.000  0.000  0.000  0.000  0.000  0.709
   1.50268    -12.778260  0.706  0.000  0.002  0.000  0.000  0.000  0.000  0.000  0.000  0.708
   1.55660    -12.802160  0.702  0.000  0.002  0.000  0.000  0.000  0.000  0.000  0.000  0.704
   1.61052    -12.840933  0.694  0.000  0.002  0.000  0.000  0.000  0.000  0.000  0.000  0.698
   1.66444    -12.893071  0.686  0.000  0.002  0.000  0.000  0.000  0.000  0.000  0.000  0.688
   1.71836    -12.956588  0.676  0.000  0.002  0.000  0.000  0.000  0.000  0.000  0.000  0.680
   1.77228    -13.029147  0.664  0.000  0.002  0.000  0.000  0.000  0.000  0.000  0.000  0.668
   1.82620    -13.108209  0.652  0.000  0.002  0.000  0.000  0.000  0.000  0.000  0.000  0.656
   1.88012    -13.191181  0.640  0.000  0.002  0.000  0.000  0.000  0.000  0.000  0.000  0.644
   1.93404    -13.275489  0.630  0.000  0.002  0.000  0.000  0.000  0.000  0.000  0.000  0.634
   1.98796    -13.358737  0.618  0.000  0.002  0.000  0.000  0.000  0.000  0.000  0.000  0.622
   2.04188    -13.438729  0.608  0.000  0.002  0.000  0.000  0.000  0.000  0.000  0.000  0.612
   2.09580    -13.513540  0.598  0.000  0.002  0.000  0.000  0.000  0.000  0.000  0.000  0.602
   2.14972    -13.581510  0.590  0.000  0.002  0.000  0.000  0.000  0.000  0.000  0.000  0.594
   2.20364    -13.641233  0.584  0.000  0.004  0.000  0.000  0.000  0.000  0.000  0.000  0.588
   2.25756    -13.691567  0.578  0.000  0.004  0.000  0.000  0.000  0.000  0.000  0.000  0.582
   2.31148    -13.731614  0.574  0.000  0.004  0.000  0.000  0.000  0.000  0.000  0.000  0.578
   2.36540    -13.760695  0.570  0.000  0.004  0.000  0.000  0.000  0.000  0.000  0.000  0.574
   2.41932    -13.778331  0.568  0.000  0.004  0.000  0.000  0.000  0.000  0.000  0.000  0.572
   2.47324    -13.784237  0.568  0.000  0.004  0.000  0.000  0.000  0.000  0.000  0.000  0.572
 
# Band-Index    2
   2.47324    -12.791264  0.698  0.000  0.000  0.000  0.000  0.000  0.000  0.000  0.000  0.698
   2.41932    -12.790177  0.698  0.000  0.000  0.000  0.000  0.000  0.000  0.000  0.000  0.698
   2.36540    -12.787018  0.698  0.000  0.000  0.000  0.000  0.000  0.000  0.000  0.000  0.700
   2.31148    -12.782073  0.700  0.000  0.000  0.000  0.000  0.000  0.000  0.000  0.000  0.702
   2.25756    -12.775796  0.702  0.000  0.000  0.000  0.000  0.000  0.000  0.000  0.000  0.704
   2.20364    -12.768770  0.706  0.000  0.000  0.000  0.000  0.000  0.000  0.000  0.000  0.706
   2.14972    -12.761653  0.708  0.000  0.000  0.000  0.000  0.000  0.000  0.000  0.000  0.708
   2.09580    -12.755114  0.710  0.000  0.000  0.000  0.000  0.000  0.000  0.000  0.000  0.712
   2.04188    -12.749755  0.712  0.000  0.000  0.000  0.000  0.000  0.000  0.000  0.000  0.714
   1.98796    -12.746043  0.714  0.000  0.000  0.000  0.000  0.000  0.000  0.000  0.000  0.716
   1.93404    -12.744256  0.716  0.000  0.000  0.000  0.000  0.000  0.000  0.000  0.000  0.716
   1.88012    -12.744453  0.716  0.000  0.000  0.000  0.000  0.000  0.000  0.000  0.000  0.716
   1.82620    -12.746461  0.714  0.000  0.000  0.000  0.000  0.000  0.000  0.000  0.000  0.716
   1.77228    -12.749917  0.714  0.000  0.002  0.000  0.000  0.000  0.000  0.000  0.000  0.714
   1.71836    -12.754296  0.712  0.000  0.002  0.000  0.000  0.000  0.000  0.000  0.000  0.714
   1.66444    -12.759001  0.710  0.000  0.002  0.000  0.000  0.000  0.000  0.000  0.000  0.712
   1.61052    -12.763427  0.710  0.000  0.002  0.000  0.000  0.000  0.000  0.000  0.000  0.710
   1.55660    -12.767029  0.708  0.000  0.002  0.000  0.000  0.000  0.000  0.000  0.000  0.710
   1.50268    -12.769372  0.708  0.000  0.002  0.000  0.000  0.000  0.000  0.000  0.000  0.710
   1.44876    -12.770184  0.707  0.000  0.002  0.000  0.000  0.000  0.000  0.000  0.000  0.709
   1.44876    -12.770184  0.707  0.000  0.002  0.000  0.000  0.000  0.000  0.000  0.000  0.709
   1.41024    -12.772191  0.706  0.000  0.002  0.000  0.000  0.000  0.000  0.000  0.000  0.709
   1.37172    -12.778136  0.706  0.000  0.002  0.000  0.000  0.000  0.000  0.000  0.000  0.708
   1.33320    -12.787816  0.704  0.000  0.001  0.000  0.000  0.000  0.000  0.000  0.000  0.706
   1.29468    -12.800898  0.703  0.000  0.001  0.000  0.000  0.000  0.000  0.000  0.000  0.704
   1.25616    -12.816944  0.700  0.000  0.001  0.000  0.000  0.000  0.000  0.000  0.000  0.702
   1.21764    -12.835435  0.697  0.000  0.001  0.000  0.000  0.000  0.000  0.000  0.000  0.700
   1.17911    -12.855795  0.694  0.000  0.001  0.000  0.000  0.000  0.000  0.000  0.000  0.697
   1.14059    -12.877404  0.691  0.000  0.002  0.000  0.000  0.000  0.000  0.000  0.000  0.693
   1.10207    -12.899634  0.688  0.000  0.002  0.000  0.000  0.000  0.000  0.000  0.000  0.690
   1.06355    -12.921863  0.685  0.000  0.002  0.000  0.000  0.000  0.000  0.000  0.000  0.687
   1.02503    -12.943493  0.682  0.000  0.002  0.001  0.000  0.000  0.000  0.000  0.000  0.684
   0.98651    -12.963965  0.679  0.000  0.002  0.001  0.000  0.000  0.000  0.000  0.000  0.682
   0.94799    -12.982774  0.677  0.000  0.002  0.001  0.000  0.000  0.000  0.000  0.000  0.679
   0.90947    -12.999470  0.675  0.000  0.002  0.001  0.000  0.000  0.000  0.000  0.000  0.677
   0.87095    -13.013664  0.673  0.000  0.002  0.001  0.000  0.000  0.000  0.000  0.000  0.675
   0.83243    -13.025039  0.671  0.000  0.002  0.001  0.000  0.000  0.000  0.000  0.000  0.674
   0.79391    -13.033345  0.670  0.000  0.002  0.001  0.000  0.000  0.000  0.000  0.000  0.673
   0.75539    -13.038400  0.669  0.000  0.002  0.001  0.000  0.000  0.000  0.000  0.000  0.672
   0.71687    -13.040098  0.669  0.000  0.002  0.001  0.000  0.000  0.000  0.000  0.000  0.672
   0.71687    -13.040098  0.669  0.000  0.002  0.001  0.000  0.000  0.000  0.000  0.000  0.672
   0.67914    -12.994086  0.678  0.000  0.002  0.000  0.000  0.000  0.000  0.000  0.000  0.680
   0.64141    -12.952182  0.684  0.000  0.002  0.000  0.000  0.000  0.000  0.000  0.000  0.686
   0.60368    -12.914860  0.690  0.000  0.002  0.000  0.000  0.000  0.000  0.000  0.000  0.692
   0.56595    -12.882436  0.696  0.000  0.000  0.000  0.000  0.000  0.000  0.000  0.000  0.696
   0.52822    -12.855046  0.700  0.000  0.000  0.000  0.000  0.000  0.000  0.000  0.000  0.700
   0.49049    -12.832649  0.702  0.000  0.000  0.000  0.000  0.000  0.000  0.000  0.000  0.704
   0.45276    -12.815025  0.704  0.000  0.000  0.000  0.000  0.000  0.000  0.000  0.000  0.706
   0.41503    -12.801812  0.706  0.000  0.000  0.000  0.000  0.000  0.000  0.000  0.000  0.706
   0.37730    -12.792529  0.706  0.000  0.000  0.000  0.000  0.000  0.000  0.000  0.000  0.706
   0.33957    -12.786614  0.706  0.000  0.000  0.000  0.000  0.000  0.000  0.000  0.000  0.706
   0.30184    -12.783455  0.704  0.000  0.000  0.000  0.000  0.000  0.000  0.000  0.000  0.706
   0.26411    -12.782422  0.704  0.000  0.000  0.000  0.000  0.000  0.000  0.000  0.000  0.704
   0.22638    -12.782907  0.702  0.000  0.000  0.000  0.000  0.000  0.000  0.000  0.000  0.702
   0.18865    -12.784351  0.702  0.000  0.000  0.000  0.000  0.000  0.000  0.000  0.000  0.702
   0.15092    -12.786252  0.700  0.000  0.000  0.000  0.000  0.000  0.000  0.000  0.000  0.700
   0.11319    -12.788186  0.698  0.000  0.000  0.000  0.000  0.000  0.000  0.000  0.000  0.700
   0.07546    -12.789814  0.698  0.000  0.000  0.000  0.000  0.000  0.000  0.000  0.000  0.698
   0.03773    -12.790888  0.698  0.000  0.000  0.000  0.000  0.000  0.000  0.000  0.000  0.698
   0.00000    -12.791264  0.698  0.000  0.000  0.000  0.000  0.000  0.000  0.000  0.000  0.698
 
# Band-Index    3
   0.00000     -6.725505  0.040  0.000  0.052  0.008  0.000  0.000  0.006  0.000  0.000  0.106
   0.03773     -6.736689  0.038  0.000  0.052  0.008  0.000  0.000  0.006  0.000  0.000  0.106
   0.07546     -6.769440  0.038  0.000  0.050  0.012  0.000  0.000  0.006  0.000  0.000  0.106
   0.11319     -6.821504  0.034  0.000  0.048  0.016  0.000  0.000  0.006  0.000  0.000  0.106
   0.15092     -6.889567  0.030  0.000  0.046  0.024  0.000  0.000  0.006  0.000  0.000  0.106
   0.18865     -6.969731  0.026  0.000  0.044  0.030  0.000  0.000  0.006  0.000  0.000  0.106
   0.22638     -7.057935  0.022  0.000  0.042  0.036  0.000  0.000  0.004  0.000  0.000  0.106
   0.26411     -7.150237  0.018  0.000  0.040  0.042  0.000  0.000  0.004  0.000  0.000  0.104
   0.30184     -7.242965  0.014  0.000  0.038  0.048  0.000  0.000  0.004  0.000  0.000  0.104
   0.33957     -7.332813  0.010  0.000  0.036  0.054  0.000  0.000  0.004  0.000  0.000  0.102
   0.37730     -7.416852  0.008  0.000  0.034  0.058  0.000  0.000  0.004  0.000  0.000  0.102
   0.41503     -7.492524  0.006  0.000  0.032  0.062  0.000  0.000  0.004  0.000  0.000  0.102
   0.45276     -7.557639  0.004  0.000  0.032  0.064  0.000  0.000  0.002  0.000  0.000  0.104
   0.49049     -7.610372  0.006  0.000  0.030  0.068  0.000  0.000  0.002  0.000  0.000  0.106
   0.52822     -7.649267  0.006  0.000  0.030  0.070  0.000  0.000  0.002  0.000  0.000  0.108
   0.56595     -7.673222  0.010  0.000  0.028  0.072  0.000  0.000  0.002  0.000  0.000  0.112
   0.60368     -7.681501  0.014  0.000  0.028  0.072  0.000  0.000  0.002  0.000  0.000  0.116
   0.64141     -7.673719  0.020  0.000  0.028  0.074  0.000  0.000  0.002  0.000  0.000  0.122
   0.67914     -7.649815  0.028  0.000  0.028  0.074  0.000  0.000  0.002  0.000  0.000  0.130
   0.71687     -7.610031  0.035  0.000  0.027  0.075  0.000  0.000  0.001  0.000  0.000  0.138
   0.71687     -7.610031  0.035  0.000  0.027  0.075  0.000  0.000  0.001  0.000  0.000  0.138
   0.75539     -7.605800  0.035  0.000  0.027  0.075  0.000  0.000  0.001  0.000  0.000  0.138
   0.79391     -7.593139  0.035  0.000  0.027  0.074  0.000  0.000  0.001  0.000  0.000  0.138
   0.83243     -7.572143  0.035  0.000  0.028  0.073  0.000  0.000  0.001  0.000  0.000  0.138
   0.87095     -7.542981  0.034  0.000  0.028  0.072  0.000  0.000  0.001  0.000  0.000  0.137
   0.90947     -7.505898  0.034  0.001  0.028  0.071  0.000  0.000  0.001  0.000  0.000  0.136
   0.94799     -7.461230  0.034  0.001  0.029  0.070  0.000  0.000  0.001  0.000  0.000  0.135
   0.98651     -7.409427  0.034  0.001  0.029  0.067  0.001  0.000  0.001  0.000  0.000  0.133
   1.02503     -7.351074  0.033  0.002  0.030  0.064  0.001  0.000  0.001  0.000  0.000  0.133
   1.06355     -7.286925  0.033  0.003  0.031  0.061  0.002  0.000  0.001  0.000  0.000  0.131
   1.10207     -7.217952  0.032  0.004  0.031  0.057  0.002  0.000  0.001  0.000  0.000  0.129
   1.14059     -7.145397  0.031  0.005  0.032  0.053  0.002  0.000  0.001  0.000  0.000  0.126
   1.17911     -7.070840  0.030  0.007  0.034  0.047  0.002  0.000  0.001  0.000  0.000  0.123
   1.21764     -6.996280  0.030  0.010  0.035  0.041  0.003  0.000  0.002  0.000  0.000  0.119
   1.25616     -6.924210  0.028  0.012  0.037  0.034  0.004  0.000  0.002  0.000  0.000  0.116
   1.29468     -6.857644  0.027  0.015  0.039  0.026  0.004  0.000  0.001  0.000  0.000  0.112
   1.33320     -6.800075  0.026  0.019  0.040  0.018  0.004  0.000  0.001  0.000  0.000  0.108
   1.37172     -6.755236  0.025  0.021  0.041  0.011  0.005  0.000  0.001  0.000  0.000  0.105
   1.41024     -6.726616  0.024  0.023  0.041  0.007  0.005  0.000  0.002  0.000  0.000  0.103
   1.44876     -6.716762  0.024  0.024  0.042  0.005  0.005  0.000  0.002  0.000  0.000  0.101
   1.44876     -6.716762  0.024  0.024  0.042  0.005  0.005  0.000  0.002  0.000  0.000  0.101
   1.50268     -6.737991  0.022  0.024  0.042  0.006  0.006  0.000  0.002  0.000  0.000  0.102
   1.55660     -6.797359  0.020  0.024  0.040  0.008  0.004  0.000  0.002  0.000  0.000  0.100
   1.61052     -6.883812  0.016  0.026  0.040  0.012  0.004  0.000  0.002  0.000  0.000  0.100
   1.66444     -6.983714  0.014  0.026  0.038  0.016  0.004  0.000  0.002  0.000  0.000  0.098
   1.71836     -7.084362  0.010  0.026  0.036  0.018  0.004  0.000  0.002  0.000  0.000  0.096
   1.77228     -7.175587  0.006  0.026  0.036  0.022  0.002  0.000  0.002  0.000  0.000  0.094
   1.82620     -7.249966  0.004  0.026  0.036  0.024  0.002  0.000  0.002  0.000  0.000  0.094
   1.88012     -7.302442  0.002  0.026  0.036  0.024  0.002  0.000  0.002  0.000  0.000  0.092
   1.93404     -7.329907  0.002  0.026  0.036  0.026  0.002  0.000  0.004  0.000  0.000  0.092
   1.98796     -7.330883  0.002  0.024  0.036  0.026  0.002  0.000  0.004  0.000  0.000  0.094
   2.04188     -7.305376  0.006  0.024  0.036  0.024  0.000  0.000  0.004  0.000  0.000  0.094
   2.09580     -7.254868  0.008  0.022  0.038  0.024  0.000  0.000  0.004  0.000  0.000  0.096
   2.14972     -7.182417  0.014  0.020  0.040  0.022  0.000  0.000  0.004  0.000  0.000  0.100
   2.20364     -7.092927  0.018  0.016  0.042  0.020  0.000  0.000  0.004  0.000  0.000  0.102
   2.25756     -6.993553  0.024  0.012  0.044  0.018  0.000  0.000  0.006  0.000  0.000  0.104
   2.31148     -6.894159  0.030  0.008  0.046  0.014  0.000  0.000  0.006  0.000  0.000  0.106
   2.36540     -6.807349  0.034  0.004  0.050  0.012  0.000  0.000  0.006  0.000  0.000  0.106
   2.41932     -6.747165  0.038  0.002  0.052  0.008  0.000  0.000  0.006  0.000  0.000  0.106
   2.47324     -6.725505  0.040  0.000  0.052  0.008  0.000  0.000  0.006  0.000  0.000  0.106
 
# Band-Index    4
   2.47324     -5.748259  0.194  0.000  0.086  0.000  0.000  0.000  0.000  0.000  0.000  0.280
   2.41932     -5.773094  0.192  0.002  0.084  0.002  0.000  0.000  0.000  0.000  0.000  0.278
   2.36540     -5.844035  0.188  0.004  0.076  0.006  0.000  0.000  0.000  0.000  0.000  0.274
   2.31148     -5.951650  0.180  0.010  0.068  0.010  0.000  0.000  0.000  0.000  0.000  0.268
   2.25756     -6.083623  0.170  0.014  0.060  0.014  0.000  0.000  0.000  0.000  0.000  0.260
   2.20364     -6.227744  0.160  0.018  0.052  0.018  0.000  0.000  0.000  0.000  0.000  0.250
   2.14972     -6.373579  0.150  0.022  0.046  0.022  0.000  0.000  0.000  0.000  0.000  0.240
   2.09580     -6.512906  0.138  0.024  0.042  0.024  0.000  0.000  0.000  0.000  0.000  0.230
   2.04188     -6.639478  0.126  0.026  0.038  0.026  0.000  0.000  0.000  0.000  0.000  0.220
   1.98796     -6.748544  0.116  0.028  0.036  0.026  0.000  0.000  0.000  0.000  0.000  0.208
   1.93404     -6.836522  0.104  0.030  0.034  0.028  0.002  0.000  0.000  0.000  0.000  0.196
   1.88012     -6.900739  0.092  0.030  0.034  0.028  0.002  0.000  0.000  0.000  0.000  0.184
   1.82620     -6.939378  0.080  0.032  0.034  0.026  0.002  0.000  0.000  0.000  0.000  0.172
   1.77228     -6.951614  0.068  0.032  0.034  0.026  0.002  0.000  0.000  0.000  0.000  0.160
   1.71836     -6.937974  0.056  0.032  0.034  0.024  0.002  0.000  0.000  0.000  0.000  0.148
   1.66444     -6.901070  0.046  0.030  0.034  0.020  0.004  0.000  0.000  0.000  0.000  0.136
   1.61052     -6.846837  0.038  0.030  0.036  0.016  0.004  0.000  0.002  0.000  0.000  0.124
   1.55660     -6.786258  0.030  0.028  0.038  0.012  0.004  0.000  0.002  0.000  0.000  0.114
   1.50268     -6.736454  0.026  0.026  0.040  0.008  0.004  0.000  0.002  0.000  0.000  0.106
   1.44876     -6.716762  0.024  0.024  0.042  0.005  0.005  0.000  0.002  0.000  0.000  0.101
   1.44876     -6.716762  0.024  0.024  0.042  0.005  0.005  0.000  0.002  0.000  0.000  0.101
   1.41024     -6.726616  0.024  0.023  0.041  0.007  0.005  0.000  0.002  0.000  0.000  0.103
   1.37172     -6.755236  0.025  0.021  0.041  0.011  0.005  0.000  0.001  0.000  0.000  0.105
   1.33320     -6.800075  0.026  0.019  0.040  0.018  0.004  0.000  0.001  0.000  0.000  0.108
   1.29468     -6.857644  0.027  0.015  0.039  0.026  0.004  0.000  0.001  0.000  0.000  0.112
   1.25616     -6.924210  0.028  0.012  0.037  0.034  0.004  0.000  0.002  0.000  0.000  0.116
   1.21764     -6.996280  0.030  0.010  0.035  0.041  0.003  0.000  0.002  0.000  0.000  0.119
   1.17911     -7.070840  0.030  0.007  0.034  0.047  0.002  0.000  0.001  0.000  0.000  0.123
   1.14059     -7.145397  0.031  0.005  0.032  0.053  0.002  0.000  0.001  0.000  0.000  0.126
   1.10207     -7.217951  0.032  0.004  0.031  0.057  0.002  0.000  0.001  0.000  0.000  0.129
   1.06355     -7.286925  0.033  0.003  0.031  0.061  0.002  0.000  0.001  0.000  0.000  0.131
   1.02503     -7.351074  0.033  0.002  0.030  0.064  0.001  0.000  0.001  0.000  0.000  0.133
   0.98651     -7.409427  0.034  0.001  0.029  0.067  0.001  0.000  0.001  0.000  0.000  0.133
   0.94799     -7.461230  0.034  0.001  0.029  0.070  0.000  0.000  0.001  0.000  0.000  0.135
   0.90947     -7.505897  0.034  0.001  0.028  0.071  0.000  0.000  0.001  0.000  0.000  0.136
   0.87095     -7.542981  0.034  0.000  0.028  0.072  0.000  0.000  0.001  0.000  0.000  0.137
   0.83243     -7.572143  0.035  0.000  0.028  0.073  0.000  0.000  0.001  0.000  0.000  0.138
   0.79391     -7.593138  0.035  0.000  0.027  0.074  0.000  0.000  0.001  0.000  0.000  0.138
   0.75539     -7.605800  0.035  0.000  0.027  0.075  0.000  0.000  0.001  0.000  0.000  0.138
   0.71687     -7.610030  0.035  0.000  0.027  0.075  0.000  0.000  0.001  0.000  0.000  0.138
   0.71687     -7.610030  0.035  0.000  0.027  0.075  0.000  0.000  0.001  0.000  0.000  0.138
   0.67914     -7.554878  0.044  0.000  0.028  0.074  0.000  0.000  0.002  0.000  0.000  0.146
   0.64141     -7.485122  0.054  0.000  0.028  0.074  0.000  0.000  0.000  0.000  0.000  0.156
   0.60368     -7.401725  0.062  0.000  0.028  0.074  0.000  0.000  0.000  0.000  0.000  0.166
   0.56595     -7.305837  0.074  0.000  0.028  0.072  0.000  0.000  0.000  0.000  0.000  0.176
   0.52822     -7.198768  0.084  0.000  0.030  0.072  0.000  0.000  0.000  0.000  0.000  0.184
   0.49049     -7.082000  0.094  0.000  0.032  0.070  0.000  0.000  0.000  0.000  0.000  0.194
   0.45276     -6.957178  0.104  0.000  0.034  0.066  0.000  0.000  0.000  0.000  0.000  0.204
   0.41503     -6.826131  0.114  0.000  0.036  0.064  0.000  0.000  0.000  0.000  0.000  0.214
   0.37730     -6.690918  0.124  0.000  0.038  0.060  0.000  0.000  0.000  0.000  0.000  0.222
   0.33957     -6.553860  0.136  0.000  0.042  0.054  0.000  0.000  0.000  0.000  0.000  0.232
   0.30184     -6.417569  0.146  0.000  0.046  0.048  0.000  0.000  0.000  0.000  0.000  0.240
   0.26411     -6.284989  0.154  0.000  0.050  0.042  0.000  0.000  0.000  0.000  0.000  0.248
   0.22638     -6.159409  0.164  0.000  0.056  0.034  0.000  0.000  0.000  0.000  0.000  0.256
   0.18865     -6.044405  0.172  0.000  0.062  0.026  0.000  0.000  0.000  0.000  0.000  0.262
   0.15092     -5.943687  0.180  0.000  0.070  0.020  0.000  0.000  0.000  0.000  0.000  0.268
   0.11319     -5.860876  0.186  0.000  0.076  0.012  0.000  0.000  0.000  0.000  0.000  0.274
   0.07546     -5.799188  0.190  0.000  0.080  0.006  0.000  0.000  0.000  0.000  0.000  0.278
   0.03773     -5.761124  0.194  0.000  0.084  0.002  0.000  0.000  0.000  0.000  0.000  0.280
   0.00000     -5.748259  0.194  0.000  0.086  0.000  0.000  0.000  0.000  0.000  0.000  0.280
 
# Band-Index    5
   0.00000     -3.887189  0.012  0.000  0.200  0.016  0.000  0.000  0.002  0.000  0.000  0.228
   0.03773     -3.888053  0.010  0.000  0.202  0.016  0.000  0.000  0.002  0.000  0.000  0.230
   0.07546     -3.889594  0.010  0.000  0.206  0.018  0.000  0.000  0.002  0.000  0.000  0.236
   0.11319     -3.889191  0.006  0.000  0.214  0.022  0.000  0.000  0.002  0.000  0.000  0.244
   0.15092     -3.883798  0.006  0.000  0.222  0.024  0.000  0.000  0.002  0.000  0.000  0.252
   0.18865     -3.870900  0.004  0.000  0.230  0.026  0.000  0.000  0.002  0.000  0.000  0.262
   0.22638     -3.848916  0.002  0.000  0.240  0.028  0.000  0.000  0.002  0.000  0.000  0.272
   0.26411     -3.817145  0.002  0.000  0.248  0.028  0.000  0.000  0.002  0.000  0.000  0.280
   0.30184     -3.775528  0.002  0.000  0.256  0.028  0.000  0.000  0.002  0.000  0.000  0.288
   0.33957     -3.724407  0.002  0.000  0.264  0.028  0.000  0.000  0.002  0.000  0.000  0.296
   0.37730     -3.664351  0.002  0.000  0.272  0.028  0.000  0.000  0.002  0.000  0.000  0.304
   0.41503     -3.596051  0.002  0.000  0.280  0.028  0.000  0.000  0.002  0.000  0.000  0.312
   0.45276     -3.520273  0.002  0.000  0.286  0.028  0.000  0.000  0.002  0.000  0.000  0.320
   0.49049     -3.437851  0.002  0.000  0.294  0.030  0.000  0.000  0.002  0.000  0.000  0.328
   0.52822     -3.349701  0.002  0.000  0.302  0.030  0.000  0.000  0.002  0.000  0.000  0.336
   0.56595     -3.256844  0.002  0.000  0.308  0.032  0.000  0.000  0.002  0.000  0.000  0.346
   0.60368     -3.160464  0.002  0.000  0.316  0.034  0.000  0.000  0.002  0.000  0.000  0.356
   0.64141     -3.061973  0.002  0.000  0.324  0.038  0.000  0.000  0.002  0.000  0.000  0.366
   0.67914     -2.963124  0.002  0.000  0.332  0.042  0.000  0.000  0.002  0.000  0.000  0.378
   0.71687     -2.866160  0.002  0.000  0.337  0.047  0.000  0.000  0.002  0.000  0.000  0.390
   0.71687     -2.866160  0.002  0.000  0.337  0.047  0.000  0.000  0.002  0.000  0.000  0.390
   0.75539     -2.869053  0.002  0.002  0.335  0.048  0.000  0.000  0.002  0.000  0.000  0.389
   0.79391     -2.880392  0.001  0.011  0.324  0.052  0.000  0.000  0.002  0.000  0.000  0.392
   0.83243     -2.911740  0.001  0.043  0.289  0.058  0.000  0.000  0.002  0.000  0.000  0.393
   0.87095     -2.993197  0.001  0.124  0.198  0.063  0.000  0.000  0.002  0.000  0.000  0.388
   0.90947     -3.147892  0.003  0.204  0.102  0.058  0.001  0.000  0.001  0.000  0.000  0.371
   0.94799     -3.346185  0.004  0.232  0.055  0.056  0.001  0.000  0.001  0.000  0.000  0.351
   0.98651     -3.557006  0.004  0.234  0.035  0.056  0.001  0.000  0.001  0.000  0.000  0.333
   1.02503     -3.766467  0.004  0.227  0.025  0.058  0.001  0.000  0.001  0.000  0.000  0.318
   1.06355     -3.968101  0.003  0.218  0.020  0.061  0.001  0.000  0.001  0.000  0.000  0.305
   1.10207     -4.158230  0.003  0.207  0.017  0.065  0.001  0.000  0.001  0.000  0.000  0.294
   1.14059     -4.334389  0.002  0.194  0.015  0.071  0.001  0.000  0.000  0.000  0.000  0.284
   1.17911     -4.494730  0.001  0.182  0.013  0.077  0.001  0.000  0.000  0.000  0.000  0.277
   1.21764     -4.637745  0.001  0.168  0.012  0.085  0.001  0.000  0.000  0.000  0.000  0.270
   1.25616     -4.762103  0.001  0.154  0.012  0.094  0.001  0.000  0.000  0.000  0.000  0.264
   1.29468     -4.866541  0.002  0.141  0.011  0.104  0.000  0.000  0.000  0.000  0.000  0.260
   1.33320     -4.949793  0.003  0.128  0.011  0.113  0.001  0.000  0.000  0.000  0.000  0.257
   1.37172     -5.010573  0.004  0.118  0.011  0.122  0.000  0.000  0.000  0.000  0.000  0.257
   1.41024     -5.047664  0.005  0.111  0.010  0.127  0.000  0.000  0.000  0.000  0.000  0.255
   1.44876     -5.060145  0.005  0.108  0.011  0.130  0.000  0.000  0.000  0.000  0.000  0.255
   1.44876     -5.060145  0.005  0.108  0.011  0.130  0.000  0.000  0.000  0.000  0.000  0.255
   1.50268     -5.060481  0.004  0.110  0.010  0.130  0.000  0.000  0.000  0.000  0.000  0.256
   1.55660     -5.056597  0.004  0.116  0.008  0.132  0.000  0.000  0.000  0.000  0.000  0.260
   1.61052     -5.039545  0.002  0.122  0.006  0.132  0.000  0.000  0.000  0.000  0.000  0.264
   1.66444     -5.003702  0.002  0.128  0.004  0.134  0.000  0.000  0.000  0.000  0.000  0.268
   1.71836     -4.947702  0.000  0.132  0.004  0.134  0.000  0.000  0.000  0.000  0.000  0.272
   1.77228     -4.872558  0.000  0.136  0.002  0.136  0.000  0.000  0.000  0.000  0.000  0.276
   1.82620     -4.780229  0.000  0.140  0.002  0.136  0.000  0.000  0.000  0.000  0.000  0.280
   1.88012     -4.673016  0.000  0.144  0.002  0.138  0.000  0.000  0.000  0.000  0.000  0.286
   1.93404     -4.553440  0.000  0.148  0.002  0.142  0.000  0.000  0.000  0.000  0.000  0.292
   1.98796     -4.424294  0.000  0.152  0.002  0.144  0.000  0.000  0.000  0.000  0.000  0.300
   2.04188     -4.288756  0.000  0.156  0.002  0.148  0.000  0.000  0.000  0.000  0.000  0.308
   2.09580     -4.150511  0.000  0.160  0.002  0.152  0.000  0.000  0.000  0.000  0.000  0.316
   2.14972     -4.013845  0.000  0.164  0.002  0.156  0.000  0.000  0.000  0.000  0.000  0.324
   2.20364     -3.883685  0.000  0.168  0.002  0.162  0.000  0.000  0.000  0.000  0.000  0.334
   2.25756     -3.855829  0.002  0.010  0.234  0.018  0.000  0.000  0.002  0.000  0.000  0.266
   2.31148     -3.881097  0.004  0.008  0.222  0.018  0.000  0.000  0.002  0.000  0.000  0.254
   2.36540     -3.890082  0.008  0.004  0.212  0.016  0.000  0.000  0.002  0.000  0.000  0.242
   2.41932     -3.889086  0.010  0.002  0.204  0.016  0.000  0.000  0.002  0.000  0.000  0.232
   2.47324     -3.887189  0.012  0.000  0.200  0.016  0.000  0.000  0.002  0.000  0.000  0.228
 
# Band-Index    6
   2.47324     -3.540140  0.000  0.000  0.006  0.348  0.000  0.000  0.000  0.000  0.000  0.356
   2.41932     -3.544813  0.000  0.094  0.004  0.260  0.000  0.000  0.000  0.000  0.000  0.360
   2.36540     -3.589317  0.000  0.158  0.002  0.194  0.000  0.000  0.000  0.000  0.000  0.358
   2.31148     -3.665386  0.000  0.170  0.002  0.176  0.000  0.000  0.000  0.000  0.000  0.350
   2.25756     -3.765551  0.000  0.172  0.002  0.168  0.000  0.000  0.000  0.000  0.000  0.342
   2.20364     -3.812552  0.002  0.012  0.244  0.018  0.000  0.000  0.002  0.000  0.000  0.278
   2.14972     -3.752758  0.000  0.014  0.252  0.018  0.000  0.000  0.002  0.000  0.000  0.288
   2.09580     -3.679955  0.000  0.018  0.260  0.020  0.000  0.000  0.002  0.000  0.000  0.300
   2.04188     -3.599595  0.000  0.026  0.262  0.022  0.000  0.000  0.002  0.000  0.000  0.314
   1.98796     -3.520519  0.000  0.038  0.256  0.028  0.000  0.000  0.002  0.000  0.000  0.328
   1.93404     -3.458913  0.000  0.072  0.226  0.042  0.000  0.000  0.002  0.000  0.000  0.342
   1.88012     -3.444566  0.000  0.148  0.136  0.066  0.000  0.000  0.000  0.000  0.000  0.352
   1.82620     -3.518896  0.000  0.222  0.032  0.084  0.002  0.000  0.000  0.000  0.000  0.342
   1.77228     -3.730957  0.002  0.156  0.044  0.104  0.002  0.000  0.000  0.000  0.000  0.310
   1.71836     -4.027666  0.002  0.124  0.040  0.112  0.002  0.000  0.000  0.000  0.000  0.284
   1.66444     -4.336591  0.002  0.112  0.030  0.116  0.002  0.000  0.000  0.000  0.000  0.266
   1.61052     -4.619571  0.004  0.108  0.022  0.120  0.002  0.000  0.000  0.000  0.000  0.256
   1.55660     -4.850642  0.004  0.108  0.016  0.124  0.002  0.000  0.000  0.000  0.000  0.254
   1.50268     -5.005165  0.004  0.108  0.012  0.128  0.000  0.000  0.000  0.000  0.000  0.254
   1.44876     -5.060144  0.005  0.108  0.011  0.130  0.000  0.000  0.000  0.000  0.000  0.255
   1.44876     -5.060144  0.005  0.108  0.011  0.130  0.000  0.000  0.000  0.000  0.000  0.255
   1.41024     -5.047664  0.005  0.111  0.010  0.127  0.000  0.000  0.000  0.000  0.000  0.255
   1.37172     -5.010572  0.004  0.118  0.011  0.122  0.000  0.000  0.000  0.000  0.000  0.257
   1.33320     -4.949793  0.003  0.128  0.011  0.113  0.001  0.000  0.000  0.000  0.000  0.257
   1.29468     -4.866541  0.002  0.141  0.011  0.104  0.000  0.000  0.000  0.000  0.000  0.260
   1.25616     -4.762103  0.001  0.154  0.012  0.094  0.001  0.000  0.000  0.000  0.000  0.264
   1.21764     -4.637744  0.001  0.168  0.012  0.085  0.001  0.000  0.000  0.000  0.000  0.270
   1.17911     -4.494730  0.001  0.182  0.013  0.077  0.001  0.000  0.000  0.000  0.000  0.277
   1.14059     -4.334389  0.002  0.194  0.015  0.071  0.001  0.000  0.000  0.000  0.000  0.284
   1.10207     -4.158230  0.003  0.207  0.017  0.065  0.001  0.000  0.001  0.000  0.000  0.294
   1.06355     -3.968101  0.003  0.218  0.020  0.061  0.001  0.000  0.001  0.000  0.000  0.305
   1.02503     -3.766466  0.004  0.227  0.025  0.058  0.001  0.000  0.001  0.000  0.000  0.318
   0.98651     -3.557005  0.004  0.234  0.035  0.056  0.001  0.000  0.001  0.000  0.000  0.333
   0.94799     -3.346185  0.004  0.232  0.055  0.056  0.001  0.000  0.001  0.000  0.000  0.351
   0.90947     -3.147891  0.003  0.204  0.102  0.058  0.001  0.000  0.001  0.000  0.000  0.371
   0.87095     -2.993197  0.001  0.124  0.198  0.063  0.000  0.000  0.002  0.000  0.000  0.388
   0.83243     -2.911740  0.001  0.043  0.289  0.058  0.000  0.000  0.002  0.000  0.000  0.393
   0.79391     -2.880392  0.001  0.011  0.324  0.052  0.000  0.000  0.002  0.000  0.000  0.392
   0.75539     -2.869052  0.002  0.002  0.335  0.048  0.000  0.000  0.002  0.000  0.000  0.389
   0.71687     -2.866160  0.002  0.000  0.337  0.047  0.000  0.000  0.002  0.000  0.000  0.390
   0.71687     -2.866160  0.002  0.000  0.337  0.047  0.000  0.000  0.002  0.000  0.000  0.390
   0.67914     -2.774054  0.002  0.000  0.342  0.056  0.000  0.000  0.002  0.000  0.000  0.402
   0.64141     -2.690824  0.002  0.000  0.342  0.068  0.000  0.000  0.002  0.000  0.000  0.412
   0.60368     -2.621878  0.000  0.000  0.334  0.084  0.000  0.000  0.002  0.000  0.000  0.422
   0.56595     -2.574064  0.000  0.000  0.318  0.108  0.000  0.000  0.002  0.000  0.000  0.428
   0.52822     -2.664274  0.000  0.428  0.000  0.000  0.002  0.000  0.000  0.000  0.000  0.430
   0.49049     -2.764883  0.000  0.418  0.000  0.000  0.002  0.000  0.000  0.000  0.000  0.420
   0.45276     -2.862762  0.000  0.408  0.000  0.000  0.002  0.000  0.000  0.000  0.000  0.412
   0.41503     -2.956521  0.000  0.402  0.000  0.000  0.002  0.000  0.000  0.000  0.000  0.404
   0.37730     -3.045011  0.000  0.394  0.000  0.000  0.002  0.000  0.000  0.000  0.000  0.398
   0.33957     -3.127289  0.000  0.388  0.000  0.000  0.002  0.000  0.000  0.000  0.000  0.392
   0.30184     -3.202582  0.000  0.384  0.000  0.000  0.002  0.000  0.000  0.000  0.000  0.386
   0.26411     -3.270263  0.000  0.380  0.000  0.000  0.000  0.000  0.000  0.000  0.000  0.382
   0.22638     -3.329817  0.000  0.376  0.000  0.000  0.000  0.000  0.000  0.000  0.000  0.378
   0.18865     -3.380834  0.000  0.374  0.000  0.000  0.000  0.000  0.000  0.000  0.000  0.374
   0.15092     -3.422987  0.000  0.370  0.000  0.000  0.000  0.000  0.000  0.000  0.000  0.372
   0.11319     -3.456021  0.000  0.370  0.000  0.000  0.000  0.000  0.000  0.000  0.000  0.370
   0.07546     -3.495816  0.002  0.000  0.010  0.342  0.000  0.000  0.000  0.000  0.000  0.354
   0.03773     -3.528888  0.000  0.000  0.008  0.346  0.000  0.000  0.000  0.000  0.000  0.356
   0.00000     -3.540140  0.000  0.000  0.006  0.348  0.000  0.000  0.000  0.000  0.000  0.356
 
# Band-Index    7
   0.00000     -3.498806  0.000  0.366  0.000  0.000  0.000  0.000  0.000  0.000  0.000  0.368
   0.03773     -3.494035  0.000  0.368  0.000  0.000  0.000  0.000  0.000  0.000  0.000  0.368
   0.07546     -3.479748  0.000  0.368  0.000  0.000  0.000  0.000  0.000  0.000  0.000  0.370
   0.11319     -3.442818  0.002  0.000  0.016  0.334  0.000  0.000  0.000  0.000  0.000  0.354
   0.15092     -3.372646  0.004  0.000  0.022  0.324  0.000  0.000  0.000  0.000  0.000  0.354
   0.18865     -3.288511  0.006  0.000  0.032  0.312  0.000  0.000  0.002  0.000  0.000  0.352
   0.22638     -3.193759  0.008  0.000  0.042  0.300  0.000  0.000  0.002  0.000  0.000  0.354
   0.26411     -3.091730  0.010  0.000  0.056  0.288  0.000  0.000  0.002  0.000  0.000  0.356
   0.30184     -2.985850  0.010  0.000  0.072  0.274  0.000  0.000  0.002  0.000  0.000  0.360
   0.33957     -2.879906  0.010  0.000  0.094  0.258  0.000  0.000  0.002  0.000  0.000  0.366
   0.37730     -2.778494  0.010  0.000  0.122  0.242  0.000  0.000  0.002  0.000  0.000  0.376
   0.41503     -2.687578  0.008  0.000  0.156  0.222  0.000  0.000  0.002  0.000  0.000  0.390
   0.45276     -2.614777  0.006  0.000  0.198  0.196  0.000  0.000  0.002  0.000  0.000  0.404
   0.49049     -2.568420  0.004  0.000  0.244  0.168  0.000  0.000  0.002  0.000  0.000  0.418
   0.52822     -2.554630  0.002  0.000  0.286  0.136  0.000  0.000  0.002  0.000  0.000  0.428
   0.56595     -2.562609  0.000  0.438  0.000  0.000  0.002  0.000  0.000  0.000  0.000  0.440
   0.60368     -2.461874  0.000  0.450  0.000  0.000  0.002  0.000  0.000  0.000  0.000  0.452
   0.64141     -2.364381  0.000  0.462  0.000  0.000  0.002  0.000  0.000  0.000  0.000  0.464
   0.67914     -2.272720  0.000  0.474  0.000  0.000  0.002  0.000  0.000  0.000  0.000  0.476
   0.71687     -2.189665  0.000  0.486  0.000  0.000  0.001  0.000  0.000  0.000  0.000  0.489
   0.71687     -2.189665  0.000  0.486  0.000  0.000  0.001  0.000  0.000  0.000  0.000  0.489
   0.75539     -2.236252  0.001  0.467  0.003  0.002  0.001  0.000  0.000  0.000  0.000  0.475
   0.79391     -2.357484  0.005  0.419  0.013  0.004  0.001  0.000  0.000  0.000  0.000  0.445
   0.83243     -2.511064  0.008  0.348  0.047  0.005  0.001  0.000  0.000  0.001  0.000  0.413
   0.87095     -2.642200  0.009  0.233  0.137  0.009  0.001  0.000  0.000  0.001  0.000  0.391
   0.90947     -2.713040  0.009  0.127  0.229  0.022  0.000  0.000  0.000  0.001  0.000  0.388
   0.94799     -2.745724  0.009  0.079  0.269  0.035  0.000  0.000  0.000  0.001  0.000  0.393
   0.98651     -2.768733  0.008  0.062  0.278  0.049  0.000  0.000  0.000  0.001  0.000  0.398
   1.02503     -2.797226  0.008  0.059  0.267  0.066  0.000  0.000  0.000  0.001  0.000  0.402
   1.06355     -2.842150  0.008  0.064  0.241  0.087  0.000  0.000  0.001  0.000  0.000  0.404
   1.10207     -2.912724  0.008  0.076  0.199  0.113  0.001  0.000  0.001  0.000  0.000  0.398
   1.14059     -3.012700  0.009  0.090  0.151  0.136  0.001  0.000  0.001  0.000  0.000  0.387
   1.17911     -3.136435  0.008  0.104  0.107  0.152  0.001  0.000  0.001  0.000  0.000  0.373
   1.21764     -3.271749  0.006  0.116  0.075  0.160  0.001  0.000  0.000  0.000  0.000  0.360
   1.25616     -3.405995  0.005  0.127  0.052  0.164  0.001  0.000  0.000  0.000  0.000  0.350
   1.29468     -3.528927  0.003  0.136  0.037  0.163  0.000  0.000  0.000  0.000  0.000  0.342
   1.33320     -3.632714  0.003  0.145  0.027  0.163  0.000  0.000  0.000  0.000  0.000  0.339
   1.37172     -3.711356  0.001  0.151  0.021  0.161  0.000  0.000  0.000  0.000  0.000  0.335
   1.41024     -3.760418  0.000  0.156  0.017  0.160  0.000  0.000  0.000  0.000  0.000  0.334
   1.44876     -3.777093  0.000  0.158  0.016  0.159  0.000  0.000  0.000  0.000  0.000  0.334
   1.44876     -3.777093  0.000  0.158  0.016  0.159  0.000  0.000  0.000  0.000  0.000  0.334
   1.50268     -3.769313  0.000  0.158  0.016  0.160  0.000  0.000  0.000  0.000  0.000  0.334
   1.55660     -3.746094  0.000  0.156  0.018  0.160  0.000  0.000  0.000  0.000  0.000  0.336
   1.61052     -3.707811  0.000  0.154  0.022  0.160  0.000  0.000  0.000  0.000  0.000  0.338
   1.66444     -3.655115  0.000  0.148  0.030  0.162  0.000  0.000  0.000  0.000  0.000  0.342
   1.71836     -3.588907  0.000  0.134  0.048  0.164  0.000  0.000  0.000  0.000  0.000  0.346
   1.77228     -3.509491  0.000  0.092  0.092  0.166  0.000  0.000  0.002  0.000  0.000  0.352
   1.82620     -3.408220  0.002  0.010  0.176  0.166  0.000  0.000  0.002  0.000  0.000  0.356
   1.88012     -3.289048  0.000  0.070  0.128  0.160  0.000  0.000  0.000  0.000  0.000  0.360
   1.93404     -3.178587  0.000  0.138  0.058  0.168  0.000  0.000  0.000  0.000  0.000  0.368
   1.98796     -3.064780  0.000  0.172  0.028  0.178  0.000  0.000  0.000  0.000  0.000  0.378
   2.04188     -2.947011  0.000  0.188  0.014  0.184  0.000  0.000  0.000  0.000  0.000  0.388
   2.09580     -2.828680  0.000  0.200  0.010  0.190  0.000  0.000  0.000  0.000  0.000  0.398
   2.14972     -2.713706  0.000  0.208  0.006  0.194  0.000  0.000  0.000  0.000  0.000  0.410
   2.20364     -2.616867  0.004  0.166  0.078  0.164  0.000  0.000  0.002  0.000  0.000  0.416
   2.25756     -2.887955  0.006  0.174  0.044  0.166  0.000  0.000  0.002  0.000  0.000  0.392
   2.31148     -3.137573  0.004  0.184  0.024  0.162  0.000  0.000  0.000  0.000  0.000  0.376
   2.36540     -3.337920  0.002  0.202  0.012  0.148  0.000  0.000  0.000  0.000  0.000  0.368
   2.41932     -3.465058  0.000  0.270  0.004  0.088  0.000  0.000  0.000  0.000  0.000  0.364
   2.47324     -3.498806  0.000  0.366  0.000  0.000  0.000  0.000  0.000  0.000  0.000  0.368
 
# Band-Index    8
   2.47324     -2.313046  0.000  0.458  0.000  0.000  0.000  0.000  0.000  0.000  0.000  0.460
   2.41932     -2.331881  0.000  0.252  0.002  0.200  0.000  0.000  0.000  0.000  0.000  0.454
   2.36540     -2.370151  0.000  0.238  0.002  0.208  0.000  0.000  0.000  0.000  0.000  0.448
   2.31148     -2.430518  0.000  0.230  0.002  0.208  0.000  0.000  0.000  0.000  0.000  0.442
   2.25756     -2.510437  0.000  0.224  0.004  0.204  0.000  0.000  0.000  0.000  0.000  0.432
   2.20364     -2.606213  0.000  0.216  0.004  0.200  0.000  0.000  0.000  0.000  0.000  0.422
   2.14972     -2.362694  0.004  0.152  0.136  0.156  0.000  0.000  0.002  0.000  0.000  0.448
   2.09580     -2.176263  0.002  0.126  0.220  0.134  0.000  0.000  0.002  0.000  0.000  0.482
   2.04188     -2.092769  0.000  0.096  0.294  0.104  0.000  0.000  0.000  0.000  0.000  0.496
   1.98796     -2.099177  0.002  0.074  0.332  0.084  0.000  0.000  0.000  0.000  0.000  0.492
   1.93404     -2.163767  0.004  0.066  0.336  0.076  0.000  0.000  0.000  0.000  0.000  0.482
   1.88012     -2.268179  0.006  0.068  0.316  0.078  0.000  0.000  0.000  0.000  0.000  0.468
   1.82620     -2.410172  0.008  0.080  0.272  0.090  0.000  0.000  0.000  0.000  0.000  0.452
   1.77228     -2.597506  0.010  0.098  0.208  0.110  0.000  0.000  0.000  0.000  0.000  0.428
   1.71836     -2.832752  0.010  0.118  0.138  0.130  0.002  0.000  0.000  0.000  0.000  0.398
   1.66444     -3.096723  0.008  0.132  0.084  0.144  0.002  0.000  0.000  0.000  0.000  0.372
   1.61052     -3.355379  0.006  0.142  0.050  0.150  0.002  0.000  0.000  0.000  0.000  0.352
   1.55660     -3.574675  0.004  0.150  0.030  0.154  0.000  0.000  0.000  0.000  0.000  0.340
   1.50268     -3.723774  0.002  0.156  0.020  0.158  0.000  0.000  0.000  0.000  0.000  0.334
   1.44876     -3.777093  0.000  0.158  0.016  0.159  0.000  0.000  0.000  0.000  0.000  0.334
   1.44876     -3.777093  0.000  0.158  0.016  0.159  0.000  0.000  0.000  0.000  0.000  0.334
   1.41024     -3.760418  0.000  0.156  0.017  0.160  0.000  0.000  0.000  0.000  0.000  0.334
   1.37172     -3.711356  0.001  0.151  0.021  0.161  0.000  0.000  0.000  0.000  0.000  0.335
   1.33320     -3.632713  0.003  0.145  0.027  0.163  0.000  0.000  0.000  0.000  0.000  0.339
   1.29468     -3.528927  0.003  0.136  0.037  0.163  0.000  0.000  0.000  0.000  0.000  0.342
   1.25616     -3.405995  0.005  0.127  0.052  0.164  0.001  0.000  0.000  0.000  0.000  0.350
   1.21764     -3.271749  0.006  0.116  0.075  0.160  0.001  0.000  0.000  0.000  0.000  0.360
   1.17911     -3.136435  0.008  0.104  0.107  0.152  0.001  0.000  0.001  0.000  0.000  0.373
   1.14059     -3.012700  0.009  0.090  0.151  0.136  0.001  0.000  0.001  0.000  0.000  0.387
   1.10207     -2.912723  0.008  0.076  0.199  0.113  0.001  0.000  0.001  0.000  0.000  0.398
   1.06355     -2.842150  0.008  0.064  0.241  0.087  0.000  0.000  0.001  0.000  0.000  0.404
   1.02503     -2.797225  0.008  0.059  0.267  0.066  0.000  0.000  0.000  0.001  0.000  0.402
   0.98651     -2.768733  0.008  0.062  0.278  0.049  0.000  0.000  0.000  0.001  0.000  0.398
   0.94799     -2.745724  0.009  0.079  0.269  0.035  0.000  0.000  0.000  0.001  0.000  0.393
   0.90947     -2.713040  0.009  0.127  0.229  0.022  0.000  0.000  0.000  0.001  0.000  0.388
   0.87095     -2.642200  0.009  0.233  0.137  0.009  0.001  0.000  0.000  0.001  0.000  0.391
   0.83243     -2.511064  0.008  0.348  0.047  0.005  0.001  0.000  0.000  0.001  0.000  0.413
   0.79391     -2.357484  0.005  0.419  0.013  0.004  0.001  0.000  0.000  0.000  0.000  0.445
   0.75539     -2.236251  0.001  0.467  0.003  0.002  0.001  0.000  0.000  0.000  0.000  0.475
   0.71687     -2.189665  0.000  0.486  0.000  0.000  0.001  0.000  0.000  0.000  0.000  0.489
   0.71687     -2.189665  0.000  0.486  0.000  0.000  0.001  0.000  0.000  0.000  0.000  0.489
   0.67914     -2.117962  0.000  0.498  0.000  0.000  0.002  0.000  0.000  0.000  0.000  0.500
   0.64141     -2.060024  0.000  0.506  0.000  0.000  0.002  0.000  0.000  0.000  0.000  0.508
   0.60368     -2.017576  0.000  0.514  0.000  0.000  0.002  0.000  0.000  0.000  0.000  0.514
   0.56595     -1.991347  0.000  0.516  0.000  0.000  0.000  0.000  0.000  0.000  0.000  0.518
   0.52822     -1.980914  0.000  0.516  0.000  0.000  0.000  0.000  0.000  0.000  0.000  0.518
   0.49049     -1.984796  0.000  0.514  0.000  0.000  0.000  0.000  0.000  0.000  0.000  0.516
   0.45276     -2.000726  0.000  0.510  0.000  0.000  0.000  0.000  0.000  0.000  0.000  0.510
   0.41503     -2.026018  0.000  0.504  0.000  0.000  0.000  0.000  0.000  0.000  0.000  0.506
   0.37730     -2.057890  0.000  0.498  0.000  0.000  0.000  0.000  0.000  0.000  0.000  0.498
   0.33957     -2.093714  0.000  0.492  0.000  0.000  0.000  0.000  0.000  0.000  0.000  0.492
   0.30184     -2.131149  0.000  0.484  0.000  0.000  0.000  0.000  0.000  0.000  0.000  0.486
   0.26411     -2.168194  0.000  0.478  0.000  0.000  0.000  0.000  0.000  0.000  0.000  0.480
   0.22638     -2.203193  0.000  0.474  0.000  0.000  0.000  0.000  0.000  0.000  0.000  0.474
   0.18865     -2.234807  0.000  0.468  0.000  0.000  0.000  0.000  0.000  0.000  0.000  0.470
   0.15092     -2.261978  0.000  0.466  0.000  0.000  0.000  0.000  0.000  0.000  0.000  0.466
   0.11319     -2.283895  0.000  0.462  0.000  0.000  0.000  0.000  0.000  0.000  0.000  0.462
   0.07546     -2.299958  0.000  0.460  0.000  0.000  0.000  0.000  0.000  0.000  0.000  0.460
   0.03773     -2.309754  0.000  0.460  0.000  0.000  0.000  0.000  0.000  0.000  0.000  0.460
   0.00000     -2.313046  0.000  0.458  0.000  0.000  0.000  0.000  0.000  0.000  0.000  0.460
 
# Band-Index    9
   0.00000     -2.306267  0.000  0.000  0.006  0.436  0.000  0.000  0.000  0.000  0.000  0.442
   0.03773     -2.288378  0.002  0.000  0.006  0.432  0.000  0.000  0.000  0.000  0.000  0.440
   0.07546     -2.236248  0.004  0.000  0.006  0.426  0.000  0.000  0.000  0.000  0.000  0.436
   0.11319     -2.153907  0.010  0.000  0.004  0.416  0.000  0.000  0.000  0.000  0.000  0.430
   0.15092     -2.046638  0.014  0.000  0.004  0.406  0.000  0.000  0.000  0.000  0.000  0.424
   0.18865     -1.919807  0.018  0.000  0.004  0.394  0.000  0.000  0.000  0.000  0.000  0.418
   0.22638     -1.778180  0.022  0.000  0.004  0.384  0.000  0.000  0.000  0.000  0.000  0.412
   0.26411     -1.625704  0.026  0.000  0.002  0.376  0.000  0.000  0.000  0.000  0.000  0.406
   0.30184     -1.465571  0.028  0.000  0.002  0.370  0.000  0.000  0.000  0.000  0.000  0.402
   0.33957     -1.313024  0.018  0.000  0.348  0.022  0.000  0.000  0.000  0.002  0.000  0.390
   0.37730     -1.355969  0.020  0.000  0.310  0.030  0.000  0.000  0.000  0.002  0.000  0.364
   0.41503     -1.390791  0.022  0.000  0.264  0.044  0.000  0.000  0.000  0.002  0.000  0.334
   0.45276     -1.409336  0.026  0.000  0.210  0.062  0.000  0.000  0.002  0.004  0.000  0.304
   0.49049     -1.402412  0.028  0.000  0.154  0.088  0.000  0.000  0.002  0.004  0.002  0.276
   0.52822     -1.362905  0.030  0.000  0.100  0.116  0.000  0.000  0.002  0.004  0.002  0.254
   0.56595     -1.289196  0.030  0.000  0.058  0.144  0.000  0.000  0.002  0.004  0.002  0.240
   0.60368     -1.185394  0.030  0.000  0.032  0.168  0.000  0.000  0.002  0.004  0.002  0.238
   0.64141     -1.058503  0.028  0.000  0.016  0.190  0.000  0.000  0.002  0.004  0.002  0.240
   0.67914     -0.916067  0.024  0.000  0.006  0.212  0.000  0.000  0.002  0.004  0.002  0.250
   0.71687     -0.766072  0.019  0.000  0.002  0.237  0.000  0.000  0.002  0.004  0.002  0.267
   0.71687     -0.766072  0.019  0.000  0.002  0.237  0.000  0.000  0.002  0.004  0.002  0.267
   0.75539     -0.751504  0.016  0.017  0.002  0.242  0.000  0.000  0.002  0.004  0.002  0.284
   0.79391     -0.735792  0.009  0.052  0.003  0.250  0.000  0.000  0.002  0.002  0.001  0.321
   0.83243     -0.772538  0.003  0.079  0.004  0.255  0.002  0.000  0.001  0.002  0.000  0.346
   0.87095     -0.885947  0.000  0.089  0.008  0.245  0.003  0.000  0.000  0.001  0.000  0.345
   0.90947     -1.058556  0.000  0.088  0.012  0.225  0.004  0.000  0.000  0.001  0.000  0.331
   0.94799     -1.261505  0.001  0.085  0.020  0.202  0.005  0.000  0.000  0.001  0.000  0.313
   0.98651     -1.472106  0.001  0.079  0.033  0.178  0.005  0.000  0.000  0.001  0.000  0.297
   1.02503     -1.673592  0.001  0.072  0.056  0.150  0.005  0.000  0.000  0.001  0.000  0.285
   1.06355     -1.851773  0.001  0.063  0.090  0.120  0.005  0.000  0.000  0.001  0.000  0.279
   1.10207     -1.994540  0.001  0.050  0.138  0.088  0.003  0.000  0.000  0.001  0.000  0.280
   1.14059     -2.095693  0.000  0.037  0.190  0.058  0.003  0.000  0.000  0.000  0.000  0.290
   1.17911     -2.158651  0.000  0.027  0.237  0.035  0.002  0.000  0.000  0.000  0.000  0.303
   1.21764     -2.193377  0.001  0.020  0.272  0.021  0.002  0.000  0.000  0.000  0.000  0.317
   1.25616     -2.210142  0.001  0.015  0.297  0.013  0.002  0.000  0.000  0.000  0.000  0.329
   1.29468     -2.216571  0.001  0.012  0.313  0.009  0.002  0.000  0.000  0.000  0.000  0.337
   1.33320     -2.217673  0.001  0.010  0.325  0.006  0.002  0.000  0.000  0.000  0.000  0.344
   1.37172     -2.216602  0.002  0.009  0.332  0.005  0.002  0.000  0.000  0.000  0.000  0.349
   1.41024     -2.215274  0.001  0.009  0.336  0.004  0.001  0.000  0.000  0.000  0.000  0.352
   1.44876     -2.214721  0.001  0.009  0.337  0.004  0.001  0.000  0.000  0.000  0.000  0.352
   1.44876     -2.214721  0.001  0.009  0.337  0.004  0.001  0.000  0.000  0.000  0.000  0.352
   1.50268     -2.228092  0.002  0.008  0.334  0.004  0.002  0.000  0.000  0.000  0.000  0.350
   1.55660     -2.266443  0.002  0.010  0.324  0.004  0.002  0.000  0.000  0.000  0.000  0.342
   1.61052     -2.324414  0.002  0.012  0.310  0.006  0.002  0.000  0.000  0.000  0.000  0.330
   1.66444     -2.392375  0.002  0.016  0.286  0.008  0.002  0.000  0.000  0.000  0.000  0.312
   1.71836     -2.453658  0.002  0.024  0.248  0.012  0.002  0.000  0.000  0.000  0.000  0.290
   1.77228     -2.476480  0.002  0.040  0.190  0.026  0.002  0.000  0.000  0.000  0.000  0.260
   1.82620     -2.403091  0.002  0.066  0.108  0.054  0.004  0.002  0.000  0.000  0.000  0.236
   1.88012     -2.184683  0.002  0.096  0.040  0.092  0.004  0.002  0.000  0.002  0.000  0.236
   1.93404     -1.858145  0.000  0.122  0.012  0.126  0.006  0.002  0.000  0.000  0.000  0.268
   1.98796     -1.505234  0.000  0.148  0.004  0.158  0.004  0.000  0.000  0.000  0.000  0.316
   2.04188     -1.211931  0.002  0.180  0.000  0.194  0.004  0.000  0.000  0.000  0.000  0.382
   2.09580     -1.075257  0.006  0.208  0.000  0.224  0.002  0.000  0.000  0.000  0.000  0.442
   2.14972     -1.142278  0.014  0.220  0.000  0.234  0.000  0.000  0.000  0.000  0.000  0.468
   2.20364     -1.351939  0.016  0.218  0.000  0.228  0.000  0.000  0.000  0.000  0.000  0.464
   2.25756     -1.616765  0.016  0.214  0.002  0.222  0.000  0.000  0.000  0.000  0.000  0.454
   2.31148     -1.878272  0.012  0.212  0.002  0.218  0.000  0.000  0.000  0.000  0.000  0.446
   2.36540     -2.098405  0.008  0.212  0.002  0.222  0.000  0.000  0.000  0.000  0.000  0.444
   2.41932     -2.247464  0.002  0.204  0.004  0.234  0.000  0.000  0.000  0.000  0.000  0.446
   2.47324     -2.306267  0.000  0.000  0.006  0.436  0.000  0.000  0.000  0.000  0.000  0.442
 
# Band-Index   10
   2.47324     -1.081628  0.008  0.000  0.474  0.002  0.000  0.000  0.000  0.000  0.000  0.484
   2.41932     -1.086246  0.008  0.000  0.472  0.002  0.000  0.000  0.000  0.000  0.000  0.484
   2.36540     -1.099513  0.008  0.000  0.464  0.002  0.000  0.000  0.000  0.000  0.000  0.478
   2.31148     -1.119247  0.010  0.002  0.450  0.004  0.000  0.000  0.000  0.000  0.000  0.468
   2.25756     -1.140259  0.012  0.006  0.426  0.008  0.000  0.000  0.000  0.000  0.000  0.452
   2.20364     -1.151397  0.014  0.014  0.384  0.014  0.000  0.000  0.000  0.000  0.000  0.430
   2.14972     -1.131002  0.016  0.032  0.318  0.032  0.000  0.000  0.000  0.000  0.000  0.402
   2.09580     -1.049742  0.018  0.068  0.222  0.068  0.000  0.000  0.002  0.000  0.000  0.380
   2.04188     -0.909936  0.014  0.114  0.136  0.116  0.000  0.000  0.002  0.000  0.000  0.382
   1.98796     -0.798411  0.006  0.148  0.090  0.154  0.000  0.000  0.000  0.000  0.000  0.400
   1.93404     -0.843308  0.000  0.154  0.076  0.158  0.002  0.000  0.000  0.000  0.000  0.394
   1.88012     -1.061390  0.000  0.132  0.088  0.134  0.004  0.000  0.000  0.000  0.000  0.358
   1.82620     -1.352854  0.000  0.102  0.122  0.100  0.004  0.000  0.000  0.000  0.000  0.330
   1.77228     -1.629790  0.000  0.070  0.180  0.066  0.004  0.000  0.000  0.000  0.000  0.320
   1.71836     -1.847330  0.000  0.044  0.242  0.036  0.002  0.000  0.000  0.000  0.000  0.324
   1.66444     -1.999709  0.000  0.026  0.288  0.018  0.002  0.000  0.000  0.000  0.000  0.336
   1.61052     -2.101388  0.000  0.016  0.314  0.010  0.002  0.000  0.000  0.000  0.000  0.344
   1.55660     -2.166406  0.000  0.012  0.328  0.006  0.002  0.000  0.000  0.000  0.000  0.348
   1.50268     -2.202914  0.002  0.010  0.336  0.004  0.002  0.000  0.000  0.000  0.000  0.352
   1.44876     -2.214721  0.001  0.009  0.337  0.004  0.001  0.000  0.000  0.000  0.000  0.352
   1.44876     -2.214721  0.001  0.009  0.337  0.004  0.001  0.000  0.000  0.000  0.000  0.352
   1.41024     -2.215274  0.001  0.009  0.336  0.004  0.001  0.000  0.000  0.000  0.000  0.352
   1.37172     -2.216602  0.002  0.009  0.332  0.005  0.002  0.000  0.000  0.000  0.000  0.349
   1.33320     -2.217673  0.001  0.010  0.325  0.006  0.002  0.000  0.000  0.000  0.000  0.344
   1.29468     -2.216570  0.001  0.012  0.313  0.009  0.002  0.000  0.000  0.000  0.000  0.337
   1.25616     -2.210142  0.001  0.015  0.297  0.013  0.002  0.000  0.000  0.000  0.000  0.329
   1.21764     -2.193377  0.001  0.020  0.272  0.021  0.002  0.000  0.000  0.000  0.000  0.317
   1.17911     -2.158651  0.000  0.027  0.237  0.035  0.002  0.000  0.000  0.000  0.000  0.303
   1.14059     -2.095693  0.000  0.037  0.190  0.058  0.003  0.000  0.000  0.000  0.000  0.290
   1.10207     -1.994540  0.001  0.050  0.138  0.088  0.003  0.000  0.000  0.001  0.000  0.280
   1.06355     -1.851773  0.001  0.063  0.090  0.120  0.005  0.000  0.000  0.001  0.000  0.279
   1.02503     -1.673592  0.001  0.072  0.056  0.150  0.005  0.000  0.000  0.001  0.000  0.285
   0.98651     -1.472106  0.001  0.079  0.033  0.178  0.005  0.000  0.000  0.001  0.000  0.297
   0.94799     -1.261505  0.001  0.085  0.020  0.202  0.005  0.000  0.000  0.001  0.000  0.313
   0.90947     -1.058555  0.000  0.088  0.012  0.225  0.004  0.000  0.000  0.001  0.000  0.331
   0.87095     -0.885947  0.000  0.089  0.008  0.245  0.003  0.000  0.000  0.001  0.000  0.345
   0.83243     -0.772538  0.003  0.079  0.004  0.255  0.002  0.000  0.001  0.002  0.000  0.346
   0.79391     -0.735792  0.009  0.052  0.003  0.250  0.000  0.000  0.002  0.002  0.001  0.321
   0.75539     -0.751504  0.016  0.017  0.002  0.242  0.000  0.000  0.002  0.004  0.002  0.284
   0.71687     -0.766072  0.019  0.000  0.002  0.237  0.000  0.000  0.002  0.004  0.002  0.267
   0.71687     -0.766072  0.019  0.000  0.002  0.237  0.000  0.000  0.002  0.004  0.002  0.267
   0.67914     -0.619064  0.014  0.000  0.000  0.270  0.000  0.000  0.002  0.004  0.002  0.292
   0.64141     -0.492972  0.008  0.000  0.000  0.316  0.000  0.000  0.002  0.002  0.002  0.330
   0.60368     -0.418687  0.004  0.000  0.000  0.366  0.000  0.000  0.000  0.002  0.000  0.374
   0.56595     -0.427341  0.008  0.000  0.002  0.392  0.000  0.000  0.000  0.000  0.000  0.402
   0.52822     -0.513666  0.016  0.000  0.002  0.388  0.000  0.000  0.000  0.000  0.000  0.408
   0.49049     -0.646063  0.024  0.000  0.002  0.378  0.000  0.000  0.000  0.000  0.000  0.404
   0.45276     -0.800551  0.028  0.000  0.002  0.368  0.000  0.000  0.000  0.000  0.000  0.398
   0.41503     -0.964813  0.030  0.000  0.002  0.364  0.000  0.000  0.000  0.000  0.000  0.396
   0.37730     -1.132634  0.030  0.000  0.002  0.362  0.000  0.000  0.000  0.000  0.000  0.396
   0.33957     -1.300418  0.030  0.000  0.002  0.364  0.000  0.000  0.000  0.000  0.000  0.398
   0.30184     -1.267994  0.016  0.000  0.380  0.016  0.000  0.000  0.000  0.002  0.000  0.412
   0.26411     -1.224915  0.014  0.000  0.404  0.012  0.000  0.000  0.000  0.002  0.000  0.432
   0.22638     -1.186267  0.012  0.000  0.426  0.008  0.000  0.000  0.000  0.000  0.000  0.446
   0.18865     -1.153397  0.010  0.000  0.442  0.006  0.000  0.000  0.000  0.000  0.000  0.460
   0.15092     -1.126853  0.010  0.000  0.454  0.004  0.000  0.000  0.000  0.000  0.000  0.468
   0.11319     -1.106672  0.008  0.000  0.462  0.004  0.000  0.000  0.000  0.000  0.000  0.476
   0.07546     -1.092613  0.008  0.000  0.470  0.002  0.000  0.000  0.000  0.000  0.000  0.482
   0.03773     -1.084350  0.008  0.000  0.472  0.002  0.000  0.000  0.000  0.000  0.000  0.484
   0.00000     -1.081628  0.008  0.000  0.474  0.002  0.000  0.000  0.000  0.000  0.000  0.484
 
# Band-Index   11
   0.00000      1.062377  0.016  0.000  0.000  0.000  0.000  0.000  0.014  0.000  0.000  0.032
   0.03773      1.064060  0.016  0.000  0.000  0.002  0.000  0.000  0.014  0.000  0.000  0.032
   0.07546      1.069283  0.016  0.000  0.000  0.002  0.000  0.000  0.014  0.000  0.000  0.032
   0.11319      1.078552  0.016  0.000  0.002  0.002  0.000  0.000  0.014  0.000  0.000  0.032
   0.15092      1.092653  0.016  0.000  0.002  0.002  0.000  0.000  0.014  0.002  0.000  0.034
   0.18865      1.112574  0.014  0.000  0.006  0.002  0.000  0.000  0.014  0.002  0.000  0.038
   0.22638      1.139388  0.014  0.000  0.008  0.002  0.000  0.000  0.014  0.002  0.000  0.040
   0.26411      1.174156  0.014  0.000  0.014  0.002  0.000  0.000  0.014  0.002  0.000  0.046
   0.30184      1.217808  0.014  0.000  0.018  0.002  0.000  0.000  0.014  0.002  0.000  0.052
   0.33957      1.271072  0.012  0.000  0.026  0.004  0.000  0.000  0.014  0.004  0.000  0.058
   0.37730      1.334417  0.012  0.000  0.034  0.004  0.000  0.000  0.014  0.004  0.000  0.066
   0.41503      1.279564  0.044  0.000  0.012  0.062  0.000  0.000  0.004  0.006  0.006  0.134
   0.45276      1.052969  0.050  0.000  0.010  0.050  0.000  0.000  0.006  0.006  0.006  0.126
   0.49049      0.845196  0.056  0.000  0.008  0.034  0.000  0.000  0.006  0.006  0.006  0.114
   0.52822      0.669446  0.066  0.000  0.004  0.018  0.000  0.000  0.006  0.004  0.006  0.104
   0.56595      0.550568  0.074  0.000  0.004  0.010  0.000  0.000  0.006  0.004  0.006  0.104
   0.60368      0.521033  0.080  0.000  0.002  0.032  0.000  0.000  0.006  0.004  0.006  0.128
   0.64141      0.587024  0.076  0.000  0.002  0.078  0.000  0.000  0.004  0.002  0.006  0.170
   0.67914      0.718448  0.070  0.000  0.000  0.120  0.000  0.000  0.004  0.002  0.006  0.202
   0.71687      0.885684  0.065  0.000  0.001  0.148  0.000  0.000  0.003  0.001  0.006  0.225
   0.71687      0.885684  0.065  0.000  0.001  0.148  0.000  0.000  0.003  0.001  0.006  0.225
   0.75539      0.843364  0.064  0.000  0.001  0.116  0.003  0.000  0.003  0.001  0.006  0.195
   0.79391      0.784545  0.064  0.003  0.002  0.062  0.006  0.001  0.003  0.002  0.006  0.149
   0.83243      0.798464  0.065  0.015  0.003  0.022  0.007  0.001  0.003  0.003  0.006  0.125
   0.87095      0.912845  0.064  0.037  0.005  0.005  0.006  0.000  0.002  0.004  0.005  0.130
   0.90947      1.105375  0.060  0.060  0.007  0.002  0.006  0.000  0.003  0.004  0.004  0.148
   0.94799      1.341293  0.056  0.076  0.013  0.005  0.005  0.000  0.001  0.006  0.004  0.169
   0.98651      1.591276  0.052  0.085  0.021  0.009  0.005  0.000  0.000  0.006  0.003  0.183
   1.02503      1.831057  0.047  0.082  0.034  0.012  0.005  0.000  0.000  0.007  0.002  0.190
   1.06355      2.040960  0.041  0.068  0.051  0.013  0.004  0.000  0.000  0.008  0.002  0.188
   1.10207      2.211599  0.035  0.049  0.070  0.012  0.003  0.000  0.001  0.008  0.000  0.181
   1.14059      2.346791  0.030  0.034  0.084  0.010  0.003  0.000  0.003  0.008  0.000  0.172
   1.17911      2.456105  0.026  0.022  0.094  0.008  0.002  0.000  0.005  0.007  0.000  0.165
   1.21764      2.547222  0.023  0.015  0.100  0.006  0.002  0.001  0.006  0.006  0.000  0.160
   1.25616      2.624197  0.021  0.009  0.104  0.005  0.002  0.002  0.008  0.005  0.000  0.155
   1.29468      2.688410  0.020  0.006  0.106  0.003  0.002  0.002  0.009  0.004  0.000  0.151
   1.33320      2.739720  0.019  0.004  0.107  0.002  0.002  0.003  0.009  0.004  0.000  0.148
   1.37172      2.777323  0.018  0.002  0.107  0.001  0.001  0.003  0.010  0.003  0.000  0.145
   1.41024      2.800319  0.018  0.001  0.106  0.002  0.001  0.004  0.010  0.003  0.000  0.143
   1.44876      2.808062  0.018  0.001  0.106  0.001  0.001  0.003  0.010  0.003  0.000  0.143
   1.44876      2.808062  0.018  0.001  0.106  0.001  0.001  0.003  0.010  0.003  0.000  0.143
   1.50268      2.774200  0.018  0.002  0.104  0.002  0.002  0.004  0.010  0.002  0.000  0.142
   1.55660      2.675716  0.020  0.004  0.096  0.006  0.002  0.004  0.008  0.002  0.000  0.142
   1.61052      2.520860  0.022  0.008  0.086  0.010  0.002  0.004  0.008  0.002  0.000  0.142
   1.66444      2.319607  0.026  0.014  0.072  0.016  0.002  0.004  0.006  0.004  0.000  0.142
   1.71836      2.079465  0.032  0.022  0.054  0.024  0.002  0.004  0.004  0.004  0.000  0.144
   1.77228      1.805093  0.038  0.028  0.036  0.030  0.004  0.004  0.002  0.004  0.000  0.146
   1.82620      1.507784  0.046  0.030  0.022  0.030  0.006  0.004  0.000  0.004  0.000  0.140
   1.88012      1.226806  0.052  0.022  0.012  0.020  0.008  0.004  0.000  0.004  0.000  0.120
   1.93404      1.049538  0.054  0.010  0.008  0.004  0.012  0.004  0.000  0.004  0.000  0.094
   1.98796      1.078518  0.052  0.010  0.010  0.004  0.012  0.002  0.000  0.002  0.000  0.094
   2.04188      1.256663  0.040  0.018  0.020  0.016  0.008  0.002  0.002  0.002  0.000  0.110
   2.09580      1.281741  0.044  0.018  0.002  0.008  0.012  0.002  0.004  0.002  0.000  0.092
   2.14972      1.243759  0.016  0.004  0.018  0.004  0.000  0.002  0.014  0.002  0.000  0.056
   2.20364      1.180851  0.014  0.002  0.010  0.002  0.000  0.000  0.014  0.002  0.000  0.046
   2.25756      1.131697  0.014  0.000  0.006  0.002  0.000  0.000  0.014  0.002  0.000  0.038
   2.31148      1.097732  0.016  0.000  0.002  0.002  0.000  0.000  0.014  0.000  0.000  0.034
   2.36540      1.076742  0.016  0.000  0.000  0.002  0.000  0.000  0.014  0.000  0.000  0.032
   2.41932      1.065746  0.016  0.000  0.000  0.002  0.000  0.000  0.014  0.000  0.000  0.032
   2.47324      1.062377  0.016  0.000  0.000  0.000  0.000  0.000  0.014  0.000  0.000  0.032
 
# Band-Index   12
   2.47324      2.880825  0.000  0.000  0.000  0.038  0.000  0.000  0.000  0.000  0.052  0.092
   2.41932      2.901797  0.000  0.002  0.000  0.040  0.000  0.000  0.000  0.000  0.052  0.096
   2.36540      2.959442  0.000  0.010  0.000  0.050  0.000  0.000  0.000  0.000  0.050  0.110
   2.31148      2.730558  0.014  0.032  0.018  0.042  0.008  0.002  0.002  0.004  0.002  0.124
   2.25756      2.272984  0.020  0.026  0.012  0.028  0.012  0.002  0.002  0.002  0.002  0.104
   2.20364      1.826292  0.026  0.018  0.008  0.012  0.012  0.002  0.004  0.002  0.000  0.084
   2.14972      1.463990  0.034  0.010  0.004  0.002  0.014  0.002  0.004  0.002  0.000  0.074
   2.09580      1.302745  0.022  0.008  0.024  0.008  0.002  0.002  0.010  0.002  0.000  0.078
   2.04188      1.346486  0.050  0.042  0.002  0.036  0.012  0.002  0.004  0.002  0.000  0.148
   1.98796      1.617888  0.050  0.072  0.000  0.068  0.010  0.002  0.004  0.002  0.000  0.208
   1.93404      1.935758  0.000  0.006  0.040  0.008  0.002  0.000  0.020  0.000  0.000  0.080
   1.88012      2.163898  0.000  0.014  0.044  0.018  0.002  0.000  0.022  0.000  0.000  0.102
   1.82620      2.449286  0.002  0.028  0.042  0.034  0.004  0.000  0.022  0.000  0.000  0.132
   1.77228      2.790815  0.004  0.048  0.036  0.056  0.004  0.002  0.020  0.000  0.000  0.168
   1.71836      2.920898  0.018  0.000  0.154  0.002  0.002  0.004  0.008  0.004  0.000  0.190
   1.66444      2.871366  0.018  0.000  0.140  0.000  0.002  0.004  0.008  0.004  0.000  0.176
   1.61052      2.838117  0.018  0.000  0.128  0.000  0.002  0.004  0.010  0.004  0.000  0.164
   1.55660      2.819054  0.018  0.000  0.116  0.002  0.002  0.004  0.010  0.002  0.000  0.152
   1.50268      2.810368  0.018  0.000  0.108  0.002  0.002  0.004  0.010  0.002  0.000  0.146
   1.44876      2.808062  0.018  0.001  0.106  0.001  0.001  0.003  0.010  0.003  0.000  0.143
   1.44876      2.808062  0.018  0.001  0.106  0.001  0.001  0.003  0.010  0.003  0.000  0.143
   1.41024      2.800319  0.018  0.001  0.106  0.002  0.001  0.004  0.010  0.003  0.000  0.143
   1.37172      2.777323  0.018  0.002  0.107  0.001  0.001  0.003  0.010  0.003  0.000  0.145
   1.33320      2.739720  0.019  0.004  0.107  0.002  0.002  0.003  0.009  0.004  0.000  0.148
   1.29468      2.688410  0.020  0.006  0.106  0.003  0.002  0.002  0.009  0.004  0.000  0.151
   1.25616      2.624197  0.021  0.009  0.104  0.005  0.002  0.002  0.008  0.005  0.000  0.155
   1.21764      2.547222  0.023  0.015  0.100  0.006  0.002  0.001  0.006  0.006  0.000  0.160
   1.17911      2.456106  0.026  0.022  0.094  0.008  0.002  0.000  0.005  0.007  0.000  0.165
   1.14059      2.346792  0.030  0.034  0.084  0.010  0.003  0.000  0.003  0.008  0.000  0.172
   1.10207      2.211600  0.035  0.049  0.070  0.012  0.003  0.000  0.001  0.008  0.000  0.181
   1.06355      2.040960  0.041  0.068  0.051  0.013  0.004  0.000  0.000  0.008  0.002  0.188
   1.02503      1.831057  0.047  0.082  0.034  0.012  0.005  0.000  0.000  0.007  0.002  0.190
   0.98651      1.591277  0.052  0.085  0.021  0.009  0.005  0.000  0.000  0.006  0.003  0.183
   0.94799      1.341293  0.056  0.076  0.013  0.005  0.005  0.000  0.001  0.006  0.004  0.169
   0.90947      1.105375  0.060  0.060  0.007  0.002  0.006  0.000  0.003  0.004  0.004  0.148
   0.87095      0.912845  0.064  0.037  0.005  0.005  0.006  0.000  0.002  0.004  0.005  0.130
   0.83243      0.798464  0.065  0.015  0.003  0.022  0.007  0.001  0.003  0.003  0.006  0.125
   0.79391      0.784545  0.064  0.003  0.002  0.062  0.006  0.001  0.003  0.002  0.006  0.149
   0.75539      0.843365  0.064  0.000  0.001  0.116  0.003  0.000  0.003  0.001  0.006  0.195
   0.71687      0.885685  0.065  0.000  0.001  0.148  0.000  0.000  0.003  0.001  0.006  0.225
   0.71687      0.885685  0.065  0.000  0.001  0.148  0.000  0.000  0.003  0.001  0.006  0.225
   0.67914      1.072477  0.060  0.000  0.000  0.168  0.000  0.000  0.002  0.002  0.006  0.240
   0.64141      1.270545  0.056  0.000  0.000  0.182  0.000  0.000  0.002  0.002  0.006  0.250
   0.60368      1.474638  0.054  0.000  0.002  0.192  0.000  0.000  0.002  0.002  0.006  0.258
   0.56595      1.572799  0.000  0.016  0.000  0.000  0.032  0.004  0.000  0.000  0.000  0.053
   0.52822      1.641435  0.000  0.018  0.000  0.000  0.032  0.004  0.000  0.000  0.000  0.054
   0.49049      1.585062  0.012  0.000  0.058  0.010  0.000  0.000  0.014  0.004  0.000  0.098
   0.45276      1.491801  0.012  0.000  0.050  0.006  0.000  0.000  0.014  0.004  0.000  0.086
   0.41503      1.408035  0.012  0.000  0.042  0.006  0.000  0.000  0.014  0.004  0.000  0.076
   0.37730      1.517837  0.040  0.000  0.014  0.070  0.000  0.000  0.004  0.006  0.006  0.140
   0.33957      1.763196  0.036  0.000  0.016  0.076  0.000  0.000  0.004  0.006  0.006  0.144
   0.30184      2.011939  0.032  0.000  0.020  0.082  0.000  0.000  0.004  0.006  0.006  0.148
   0.26411      2.260381  0.028  0.000  0.022  0.086  0.000  0.000  0.004  0.006  0.006  0.152
   0.22638      2.504231  0.024  0.000  0.026  0.088  0.000  0.000  0.002  0.006  0.006  0.154
   0.18865      2.737953  0.020  0.000  0.030  0.090  0.000  0.000  0.002  0.006  0.006  0.154
   0.15092      2.953735  0.016  0.000  0.034  0.090  0.000  0.000  0.002  0.006  0.008  0.154
   0.11319      2.949947  0.002  0.000  0.000  0.060  0.000  0.000  0.000  0.000  0.050  0.112
   0.07546      2.913731  0.000  0.000  0.000  0.048  0.000  0.000  0.000  0.000  0.052  0.100
   0.03773      2.889365  0.000  0.000  0.000  0.040  0.000  0.000  0.000  0.000  0.052  0.094
   0.00000      2.880825  0.000  0.000  0.000  0.038  0.000  0.000  0.000  0.000  0.052  0.092
 
# Band-Index   13
   0.00000      3.334527  0.002  0.000  0.068  0.018  0.000  0.000  0.002  0.000  0.002  0.092
   0.03773      3.325071  0.002  0.000  0.068  0.027  0.000  0.000  0.002  0.002  0.002  0.104
   0.07546      3.270915  0.006  0.000  0.056  0.062  0.000  0.000  0.002  0.004  0.006  0.134
   0.11319      3.139165  0.012  0.000  0.040  0.084  0.000  0.000  0.002  0.004  0.008  0.150
   0.15092      2.990713  0.002  0.000  0.000  0.080  0.000  0.000  0.000  0.000  0.048  0.130
   0.18865      3.024779  0.004  0.000  0.000  0.104  0.000  0.000  0.000  0.000  0.044  0.154
   0.22638      2.991003  0.000  0.084  0.000  0.000  0.020  0.006  0.000  0.000  0.000  0.110
   0.26411      2.784637  0.000  0.074  0.000  0.000  0.024  0.006  0.000  0.000  0.000  0.102
   0.30184      2.579050  0.000  0.064  0.000  0.000  0.026  0.006  0.000  0.000  0.000  0.094
   0.33957      2.379860  0.000  0.054  0.000  0.000  0.028  0.004  0.000  0.000  0.000  0.086
   0.37730      2.192013  0.000  0.044  0.000  0.000  0.028  0.004  0.000  0.000  0.000  0.078
   0.41503      2.020089  0.000  0.034  0.000  0.000  0.030  0.004  0.000  0.000  0.000  0.070
   0.45276      1.868391  0.000  0.026  0.000  0.000  0.030  0.004  0.000  0.000  0.000  0.062
   0.49049      1.740957  0.000  0.020  0.000  0.000  0.032  0.004  0.000  0.000  0.000  0.056
   0.52822      1.684264  0.018  0.000  0.066  0.022  0.000  0.000  0.012  0.006  0.000  0.122
   0.56595      1.674186  0.054  0.000  0.010  0.194  0.000  0.000  0.000  0.002  0.006  0.266
   0.60368      1.537056  0.000  0.020  0.000  0.000  0.032  0.004  0.000  0.000  0.000  0.056
   0.64141      1.534986  0.000  0.026  0.000  0.000  0.032  0.004  0.000  0.000  0.000  0.062
   0.67914      1.566100  0.000  0.034  0.000  0.000  0.032  0.004  0.000  0.000  0.000  0.072
   0.71687      1.628776  0.000  0.047  0.000  0.000  0.032  0.003  0.000  0.000  0.000  0.082
   0.71687      1.628776  0.000  0.047  0.000  0.000  0.032  0.004  0.000  0.000  0.000  0.082
   0.75539      1.714150  0.003  0.046  0.000  0.025  0.029  0.003  0.000  0.000  0.000  0.108
   0.79391      1.910753  0.005  0.047  0.005  0.061  0.025  0.002  0.001  0.000  0.001  0.147
   0.83243      2.134360  0.004  0.045  0.021  0.072  0.019  0.002  0.004  0.000  0.002  0.170
   0.87095      2.304715  0.000  0.034  0.066  0.039  0.008  0.000  0.011  0.003  0.002  0.164
   0.90947      2.406084  0.000  0.027  0.092  0.015  0.002  0.000  0.015  0.003  0.002  0.156
   0.94799      2.494621  0.000  0.029  0.096  0.007  0.001  0.000  0.017  0.002  0.002  0.156
   0.98651      2.597349  0.000  0.041  0.092  0.004  0.000  0.000  0.018  0.002  0.002  0.161
   1.02503      2.728226  0.002  0.061  0.081  0.006  0.000  0.001  0.019  0.001  0.003  0.172
   1.06355      2.896980  0.003  0.087  0.065  0.010  0.000  0.001  0.019  0.000  0.003  0.189
   1.10207      3.103439  0.006  0.116  0.048  0.018  0.001  0.002  0.017  0.000  0.003  0.212
   1.14059      3.333748  0.007  0.137  0.033  0.031  0.001  0.002  0.015  0.001  0.003  0.232
   1.17911      3.567224  0.007  0.149  0.023  0.048  0.001  0.004  0.012  0.001  0.003  0.249
   1.21764      3.784147  0.006  0.149  0.015  0.070  0.001  0.005  0.009  0.003  0.002  0.261
   1.25616      3.968913  0.005  0.140  0.009  0.092  0.001  0.008  0.006  0.004  0.001  0.266
   1.29468      4.111247  0.004  0.120  0.004  0.109  0.001  0.012  0.003  0.006  0.001  0.260
   1.33320      4.207185  0.003  0.087  0.000  0.106  0.001  0.017  0.001  0.011  0.000  0.225
   1.37172      4.257246  0.002  0.042  0.001  0.068  0.000  0.024  0.000  0.017  0.000  0.156
   1.41024      4.272697  0.002  0.012  0.006  0.027  0.000  0.028  0.001  0.023  0.000  0.101
   1.44876      4.274885  0.002  0.004  0.008  0.013  0.000  0.029  0.001  0.025  0.000  0.083
   1.44876      4.274889  0.002  0.004  0.008  0.013  0.000  0.029  0.001  0.026  0.000  0.082
   1.50268      4.244221  0.002  0.028  0.002  0.046  0.000  0.026  0.000  0.022  0.000  0.127
   1.55660      4.125609  0.004  0.078  0.000  0.107  0.002  0.014  0.002  0.012  0.000  0.220
   1.61052      3.886261  0.004  0.094  0.009  0.122  0.002  0.008  0.008  0.006  0.000  0.252
   1.66444      3.551906  0.006  0.086  0.018  0.106  0.004  0.004  0.012  0.004  0.000  0.237
   1.71836      3.170727  0.004  0.068  0.026  0.082  0.004  0.002  0.016  0.002  0.000  0.206
   1.77228      2.986218  0.018  0.002  0.166  0.002  0.002  0.004  0.008  0.004  0.000  0.204
   1.82620      2.947811  0.050  0.106  0.016  0.128  0.006  0.002  0.002  0.002  0.000  0.310
   1.88012      2.468269  0.048  0.108  0.000  0.118  0.008  0.002  0.002  0.002  0.000  0.286
   1.93404      2.011311  0.050  0.092  0.000  0.096  0.008  0.002  0.004  0.002  0.000  0.252
   1.98796      1.768012  0.000  0.004  0.030  0.004  0.004  0.000  0.020  0.000  0.000  0.062
   2.04188      1.718936  0.004  0.012  0.012  0.010  0.008  0.000  0.016  0.000  0.000  0.064
   2.09580      1.967890  0.016  0.040  0.000  0.038  0.014  0.000  0.006  0.000  0.002  0.118
   2.14972      2.398223  0.018  0.058  0.000  0.062  0.014  0.000  0.004  0.000  0.002  0.160
   2.20364      2.819742  0.012  0.060  0.000  0.084  0.010  0.000  0.002  0.002  0.010  0.182
   2.25756      3.044192  0.004  0.040  0.000  0.088  0.004  0.000  0.000  0.000  0.032  0.168
   2.31148      3.032051  0.002  0.020  0.000  0.066  0.002  0.000  0.000  0.000  0.046  0.136
   2.36540      3.125928  0.010  0.024  0.030  0.060  0.004  0.002  0.002  0.004  0.004  0.138
   2.41932      3.319184  0.004  0.002  0.064  0.034  0.000  0.000  0.002  0.002  0.002  0.110
   2.47324      3.334534  0.002  0.000  0.068  0.018  0.000  0.000  0.002  0.000  0.002  0.092
 
# Band-Index   14
   2.47324      3.512513  0.002  0.000  0.002  0.090  0.000  0.000  0.000  0.004  0.010  0.108
   2.41932      3.461524  0.001  0.008  0.010  0.064  0.002  0.000  0.000  0.004  0.008  0.096
   2.36540      3.412941  0.000  0.010  0.052  0.010  0.002  0.000  0.002  0.000  0.002  0.076
   2.31148      3.434697  0.000  0.012  0.070  0.008  0.000  0.000  0.002  0.000  0.002  0.094
   2.25756      3.467182  0.002  0.020  0.080  0.016  0.000  0.001  0.000  0.000  0.002  0.124
   2.20364      3.503789  0.002  0.020  0.106  0.015  0.002  0.000  0.000  0.000  0.002  0.148
   2.14972      3.512836  0.004  0.040  0.106  0.033  0.002  0.002  0.000  0.002  0.004  0.194
   2.09580      3.510879  0.008  0.024  0.162  0.017  0.002  0.002  0.000  0.002  0.002  0.221
   2.04188      3.461960  0.010  0.014  0.196  0.008  0.002  0.002  0.002  0.002  0.002  0.238
   1.98796      3.374583  0.012  0.006  0.206  0.002  0.002  0.002  0.004  0.002  0.000  0.240
   1.93404      3.271730  0.012  0.004  0.202  0.000  0.002  0.004  0.006  0.002  0.000  0.232
   1.88012      3.169131  0.012  0.002  0.192  0.000  0.002  0.004  0.006  0.004  0.000  0.222
   1.82620      3.082838  0.006  0.014  0.164  0.010  0.004  0.002  0.010  0.002  0.000  0.212
   1.77228      3.458350  0.032  0.120  0.002  0.158  0.006  0.002  0.004  0.000  0.000  0.326
   1.71836      3.932429  0.026  0.100  0.000  0.201  0.004  0.002  0.002  0.002  0.000  0.340
   1.66444      4.337346  0.002  0.031  0.002  0.074  0.000  0.022  0.002  0.020  0.000  0.153
   1.61052      4.340092  0.000  0.043  0.004  0.068  0.000  0.020  0.003  0.019  0.000  0.157
   1.55660      4.363935  0.000  0.059  0.003  0.117  0.000  0.018  0.002  0.011  0.000  0.211
   1.50268      4.309963  0.002  0.004  0.008  0.021  0.000  0.030  0.002  0.024  0.000  0.089
   1.44876      4.274943  0.002  0.004  0.008  0.012  0.000  0.029  0.001  0.026  0.000  0.083
   1.44876      4.274931  0.002  0.004  0.008  0.013  0.000  0.029  0.001  0.025  0.000  0.083
   1.41024      4.273186  0.002  0.011  0.006  0.025  0.000  0.028  0.001  0.024  0.000  0.097
   1.37172      4.264396  0.002  0.028  0.003  0.044  0.000  0.026  0.000  0.022  0.000  0.127
   1.33320      4.207420  0.003  0.085  0.000  0.105  0.001  0.017  0.000  0.011  0.000  0.223
   1.29468      4.112851  0.004  0.114  0.004  0.109  0.001  0.013  0.002  0.007  0.000  0.253
   1.25616      3.969056  0.005  0.139  0.009  0.092  0.001  0.008  0.006  0.004  0.001  0.266
   1.21764      3.784161  0.006  0.149  0.015  0.070  0.001  0.005  0.009  0.003  0.002  0.261
   1.17911      3.567228  0.007  0.148  0.023  0.048  0.001  0.004  0.012  0.001  0.003  0.249
   1.14059      3.333750  0.007  0.137  0.033  0.032  0.001  0.002  0.015  0.001  0.003  0.232
   1.10207      3.103440  0.006  0.115  0.048  0.018  0.001  0.002  0.017  0.000  0.003  0.211
   1.06355      2.896981  0.003  0.087  0.065  0.010  0.000  0.001  0.019  0.000  0.003  0.189
   1.02503      2.728226  0.002  0.061  0.081  0.006  0.000  0.001  0.019  0.001  0.003  0.172
   0.98651      2.597361  0.000  0.041  0.092  0.004  0.000  0.000  0.018  0.002  0.002  0.161
   0.94799      2.494623  0.000  0.029  0.096  0.007  0.001  0.000  0.017  0.002  0.002  0.155
   0.90947      2.406089  0.000  0.027  0.092  0.015  0.002  0.000  0.015  0.003  0.002  0.156
   0.87095      2.304917  0.000  0.034  0.067  0.039  0.008  0.000  0.011  0.003  0.002  0.164
   0.83243      2.134420  0.004  0.045  0.022  0.072  0.019  0.002  0.004  0.000  0.002  0.170
   0.79391      1.910826  0.005  0.047  0.005  0.061  0.025  0.002  0.001  0.000  0.001  0.146
   0.75539      1.714152  0.003  0.046  0.000  0.025  0.029  0.003  0.000  0.000  0.000  0.107
   0.71687      1.628776  0.000  0.047  0.000  0.000  0.032  0.004  0.000  0.000  0.000  0.082
   0.71687      1.628776  0.000  0.047  0.000  0.000  0.032  0.003  0.000  0.000  0.000  0.082
   0.67914      1.720603  0.000  0.060  0.000  0.000  0.032  0.004  0.000  0.000  0.000  0.094
   0.64141      1.838722  0.000  0.072  0.000  0.000  0.032  0.004  0.000  0.000  0.000  0.108
   0.60368      1.934360  0.004  0.000  0.084  0.002  0.000  0.000  0.016  0.004  0.000  0.112
   0.56595      1.821769  0.000  0.000  0.068  0.008  0.000  0.000  0.018  0.004  0.002  0.098
   0.52822      1.908883  0.034  0.000  0.002  0.185  0.000  0.000  0.006  0.000  0.008  0.234
   0.49049      2.112845  0.036  0.000  0.000  0.202  0.000  0.000  0.004  0.000  0.010  0.252
   0.45276      2.315294  0.032  0.000  0.000  0.208  0.000  0.000  0.002  0.000  0.010  0.255
   0.41503      2.507702  0.028  0.000  0.000  0.210  0.000  0.000  0.002  0.000  0.012  0.256
   0.37730      2.683066  0.024  0.000  0.000  0.210  0.000  0.000  0.002  0.000  0.016  0.252
   0.33957      2.832309  0.020  0.000  0.000  0.202  0.000  0.000  0.002  0.000  0.020  0.244
   0.30184      2.945291  0.014  0.000  0.000  0.187  0.000  0.000  0.002  0.000  0.026  0.229
   0.26411      3.013871  0.010  0.000  0.000  0.164  0.000  0.000  0.000  0.000  0.032  0.207
   0.22638      3.037451  0.006  0.000  0.000  0.134  0.000  0.000  0.000  0.000  0.038  0.180
   0.18865      3.191432  0.000  0.094  0.000  0.000  0.017  0.006  0.000  0.000  0.000  0.117
   0.15092      3.384675  0.000  0.098  0.004  0.000  0.014  0.006  0.000  0.000  0.000  0.122
   0.11319      3.448559  0.000  0.000  0.040  0.018  0.000  0.000  0.000  0.000  0.002  0.062
   0.07546      3.451654  0.002  0.000  0.020  0.042  0.000  0.000  0.000  0.002  0.004  0.072
   0.03773      3.488881  0.002  0.000  0.006  0.078  0.000  0.000  0.000  0.004  0.010  0.098
   0.00000      3.512336  0.002  0.000  0.002  0.089  0.000  0.000  0.000  0.004  0.010  0.108
