#K-Path     Band-1    Band-2    Band-3    Band-4      ...     Band-n
  0.0000  -13.7842  -12.7913   -6.7255   -5.7483   -3.8872   -3.5401   -3.4988   -2.3130   -2.3063   -1.0816    1.0624    2.8808    3.3345    3.5123
  0.0377  -13.7814  -12.7909   -6.7367   -5.7611   -3.8881   -3.5289   -3.4940   -2.3098   -2.2884   -1.0843    1.0641    2.8894    3.3251    3.4889
  0.0755  -13.7729  -12.7898   -6.7694   -5.7992   -3.8896   -3.4958   -3.4797   -2.3000   -2.2362   -1.0926    1.0693    2.9137    3.2709    3.4517
  0.1132  -13.7588  -12.7882   -6.8215   -5.8609   -3.8892   -3.4560   -3.4428   -2.2839   -2.1539   -1.1067    1.0786    2.9499    3.1392    3.4486
  0.1509  -13.7392  -12.7863   -6.8896   -5.9437   -3.8838   -3.4230   -3.3726   -2.2620   -2.0466   -1.1269    1.0927    2.9537    2.9907    3.3847
  0.1887  -13.7143  -12.7844   -6.9697   -6.0444   -3.8709   -3.3808   -3.2885   -2.2348   -1.9198   -1.1534    1.1126    2.7380    3.0248    3.1914
  0.2264  -13.6843  -12.7829   -7.0579   -6.1594   -3.8489   -3.3298   -3.1938   -2.2032   -1.7782   -1.1863    1.1394    2.5042    2.9910    3.0375
  0.2641  -13.6496  -12.7824   -7.1502   -6.2850   -3.8171   -3.2703   -3.0917   -2.1682   -1.6257   -1.2249    1.1742    2.2604    2.7846    3.0139
  0.3018  -13.6104  -12.7835   -7.2430   -6.4176   -3.7755   -3.2026   -2.9859   -2.1311   -1.4656   -1.2680    1.2178    2.0119    2.5790    2.9453
  0.3396  -13.5671  -12.7866   -7.3328   -6.5539   -3.7244   -3.1273   -2.8799   -2.0937   -1.3130   -1.3004    1.2711    1.7632    2.3799    2.8323
  0.3773  -13.5201  -12.7925   -7.4169   -6.6909   -3.6644   -3.0450   -2.7785   -2.0579   -1.3560   -1.1326    1.3344    1.5178    2.1920    2.6831
  0.4150  -13.4701  -12.8018   -7.4925   -6.8261   -3.5961   -2.9565   -2.6876   -2.0260   -1.3908   -0.9648    1.2796    1.4080    2.0201    2.5077
  0.4528  -13.4176  -12.8150   -7.5576   -6.9572   -3.5203   -2.8628   -2.6148   -2.0007   -1.4093   -0.8006    1.0530    1.4918    1.8684    2.3153
  0.4905  -13.3632  -12.8326   -7.6104   -7.0820   -3.4379   -2.7649   -2.5684   -1.9848   -1.4024   -0.6461    0.8452    1.5851    1.7410    2.1128
  0.5282  -13.3077  -12.8550   -7.6493   -7.1988   -3.3497   -2.6643   -2.5546   -1.9809   -1.3629   -0.5137    0.6694    1.6414    1.6843    1.9089
  0.5660  -13.2518  -12.8824   -7.6732   -7.3058   -3.2568   -2.5741   -2.5626   -1.9913   -1.2892   -0.4273    0.5506    1.5728    1.6742    1.8218
  0.6037  -13.1962  -12.9149   -7.6815   -7.4017   -3.1605   -2.6219   -2.4619   -2.0176   -1.1854   -0.4187    0.5210    1.4746    1.5371    1.9344
  0.6414  -13.1419  -12.9522   -7.6737   -7.4851   -3.0620   -2.6908   -2.3644   -2.0600   -1.0585   -0.4930    0.5870    1.2705    1.5350    1.8387
  0.6791  -13.0896  -12.9941   -7.6498   -7.5549   -2.9631   -2.7741   -2.2727   -2.1180   -0.9161   -0.6191    0.7184    1.0725    1.5661    1.7206
  0.7169  -13.0401  -13.0401   -7.6100   -7.6100   -2.8662   -2.8662   -2.1897   -2.1897   -0.7661   -0.7661    0.8857    0.8857    1.6288    1.6288
  0.7169  -13.0401  -13.0401   -7.6100   -7.6100   -2.8662   -2.8662   -2.1897   -2.1897   -0.7661   -0.7661    0.8857    0.8857    1.6288    1.6288
  0.7554  -13.0384  -13.0384   -7.6058   -7.6058   -2.8691   -2.8691   -2.2363   -2.2363   -0.7515   -0.7515    0.8434    0.8434    1.7142    1.7142
  0.7939  -13.0333  -13.0333   -7.5931   -7.5931   -2.8804   -2.8804   -2.3575   -2.3575   -0.7358   -0.7358    0.7845    0.7845    1.9108    1.9108
  0.8324  -13.0250  -13.0250   -7.5721   -7.5721   -2.9117   -2.9117   -2.5111   -2.5111   -0.7725   -0.7725    0.7985    0.7985    2.1344    2.1344
  0.8710  -13.0137  -13.0137   -7.5430   -7.5430   -2.9932   -2.9932   -2.6422   -2.6422   -0.8859   -0.8859    0.9128    0.9128    2.3047    2.3049
  0.9095  -12.9995  -12.9995   -7.5059   -7.5059   -3.1479   -3.1479   -2.7130   -2.7130   -1.0586   -1.0586    1.1054    1.1054    2.4061    2.4061
  0.9480  -12.9828  -12.9828   -7.4612   -7.4612   -3.3462   -3.3462   -2.7457   -2.7457   -1.2615   -1.2615    1.3413    1.3413    2.4946    2.4946
  0.9865  -12.9640  -12.9640   -7.4094   -7.4094   -3.5570   -3.5570   -2.7687   -2.7687   -1.4721   -1.4721    1.5913    1.5913    2.5973    2.5974
  1.0250  -12.9435  -12.9435   -7.3511   -7.3511   -3.7665   -3.7665   -2.7972   -2.7972   -1.6736   -1.6736    1.8311    1.8311    2.7282    2.7282
  1.0636  -12.9219  -12.9219   -7.2869   -7.2869   -3.9681   -3.9681   -2.8421   -2.8421   -1.8518   -1.8518    2.0410    2.0410    2.8970    2.8970
  1.1021  -12.8996  -12.8996   -7.2180   -7.2180   -4.1582   -4.1582   -2.9127   -2.9127   -1.9945   -1.9945    2.2116    2.2116    3.1034    3.1034
  1.1406  -12.8774  -12.8774   -7.1454   -7.1454   -4.3344   -4.3344   -3.0127   -3.0127   -2.0957   -2.0957    2.3468    2.3468    3.3337    3.3338
  1.1791  -12.8558  -12.8558   -7.0708   -7.0708   -4.4947   -4.4947   -3.1364   -3.1364   -2.1587   -2.1587    2.4561    2.4561    3.5672    3.5672
  1.2176  -12.8354  -12.8354   -6.9963   -6.9963   -4.6377   -4.6377   -3.2717   -3.2717   -2.1934   -2.1934    2.5472    2.5472    3.7841    3.7842
  1.2562  -12.8169  -12.8169   -6.9242   -6.9242   -4.7621   -4.7621   -3.4060   -3.4060   -2.2101   -2.2101    2.6242    2.6242    3.9689    3.9691
  1.2947  -12.8009  -12.8009   -6.8576   -6.8576   -4.8665   -4.8665   -3.5289   -3.5289   -2.2166   -2.2166    2.6884    2.6884    4.1112    4.1129
  1.3332  -12.7878  -12.7878   -6.8001   -6.8001   -4.9498   -4.9498   -3.6327   -3.6327   -2.2177   -2.2177    2.7397    2.7397    4.2072    4.2074
  1.3717  -12.7781  -12.7781   -6.7552   -6.7552   -5.0106   -5.0106   -3.7114   -3.7114   -2.2166   -2.2166    2.7773    2.7773    4.2572    4.2644
  1.4102  -12.7722  -12.7722   -6.7266   -6.7266   -5.0477   -5.0477   -3.7604   -3.7604   -2.2153   -2.2153    2.8003    2.8003    4.2727    4.2732
  1.4488  -12.7702  -12.7702   -6.7168   -6.7168   -5.0601   -5.0601   -3.7771   -3.7771   -2.2147   -2.2147    2.8081    2.8081    4.2749    4.2749
  1.4488  -12.7702  -12.7702   -6.7168   -6.7168   -5.0601   -5.0601   -3.7771   -3.7771   -2.2147   -2.2147    2.8081    2.8081    4.2749    4.2749
  1.5027  -12.7783  -12.7694   -6.7380   -6.7365   -5.0605   -5.0052   -3.7693   -3.7238   -2.2281   -2.2029    2.7742    2.8104    4.2442    4.3100
  1.5566  -12.8022  -12.7670   -6.7974   -6.7863   -5.0566   -4.8506   -3.7461   -3.5747   -2.2664   -2.1664    2.6757    2.8191    4.1256    4.3639
  1.6105  -12.8409  -12.7634   -6.8838   -6.8468   -5.0395   -4.6196   -3.7078   -3.3554   -2.3244   -2.1014    2.5209    2.8381    3.8863    4.3401
  1.6644  -12.8931  -12.7590   -6.9837   -6.9011   -5.0037   -4.3366   -3.6551   -3.0967   -2.3924   -1.9997    2.3196    2.8714    3.5519    4.3373
  1.7184  -12.9566  -12.7543   -7.0844   -6.9380   -4.9477   -4.0277   -3.5889   -2.8328   -2.4537   -1.8473    2.0795    2.9209    3.1707    3.9324
  1.7723  -13.0291  -12.7499   -7.1756   -6.9516   -4.8726   -3.7310   -3.5095   -2.5975   -2.4765   -1.6298    1.8051    2.7908    2.9862    3.4584
  1.8262  -13.1082  -12.7465   -7.2500   -6.9394   -4.7802   -3.5189   -3.4082   -2.4102   -2.4031   -1.3529    1.5078    2.4493    2.9478    3.0828
  1.8801  -13.1912  -12.7445   -7.3024   -6.9007   -4.6730   -3.4446   -3.2890   -2.2682   -2.1847   -1.0614    1.2268    2.1639    2.4683    3.1691
  1.9340  -13.2755  -12.7443   -7.3299   -6.8365   -4.5534   -3.4589   -3.1786   -2.1638   -1.8581   -0.8433    1.0495    1.9358    2.0113    3.2717
  1.9880  -13.3587  -12.7460   -7.3309   -6.7485   -4.4243   -3.5205   -3.0648   -2.0992   -1.5052   -0.7984    1.0785    1.6179    1.7680    3.3746
  2.0419  -13.4387  -12.7498   -7.3054   -6.6395   -4.2888   -3.5996   -2.9470   -2.0928   -1.2119   -0.9099    1.2567    1.3465    1.7189    3.4620
  2.0958  -13.5135  -12.7551   -7.2549   -6.5129   -4.1505   -3.6800   -2.8287   -2.1763   -1.0753   -1.0497    1.2817    1.3027    1.9679    3.5109
  2.1497  -13.5815  -12.7617   -7.1824   -6.3736   -4.0138   -3.7528   -2.7137   -2.3627   -1.1423   -1.1310    1.2438    1.4640    2.3982    3.5128
  2.2036  -13.6412  -12.7688   -7.0929   -6.2277   -3.8837   -3.8126   -2.6169   -2.6062   -1.3519   -1.1514    1.1809    1.8263    2.8197    3.5038
  2.2576  -13.6916  -12.7758   -6.9936   -6.0836   -3.8558   -3.7656   -2.8880   -2.5104   -1.6168   -1.1403    1.1317    2.2730    3.0442    3.4672
  2.3115  -13.7316  -12.7821   -6.8942   -5.9517   -3.8811   -3.6654   -3.1376   -2.4305   -1.8783   -1.1192    1.0977    2.7306    3.0321    3.4347
  2.3654  -13.7607  -12.7870   -6.8073   -5.8440   -3.8901   -3.5893   -3.3379   -2.3702   -2.0984   -1.0995    1.0767    2.9594    3.1259    3.4129
  2.4193  -13.7783  -12.7902   -6.7472   -5.7731   -3.8891   -3.5448   -3.4651   -2.3319   -2.2475   -1.0862    1.0657    2.9018    3.3192    3.4615
  2.4732  -13.7842  -12.7913   -6.7255   -5.7483   -3.8872   -3.5401   -3.4988   -2.3130   -2.3063   -1.0816    1.0624    2.8808    3.3345    3.5125
