# energy dos
-8.049799999999999400e+00 1.998000000000000114e+02
-8.029799999999999827e+00 0.000000000000000000e+00
-8.009800000000000253e+00 0.000000000000000000e+00
-7.989700000000000024e+00 0.000000000000000000e+00
-7.969700000000000450e+00 0.000000000000000000e+00
-7.949700000000000877e+00 0.000000000000000000e+00
-7.929699999999999527e+00 0.000000000000000000e+00
-7.909699999999999953e+00 0.000000000000000000e+00
-7.889600000000000612e+00 0.000000000000000000e+00
-7.869600000000001039e+00 0.000000000000000000e+00
-7.849599999999999689e+00 0.000000000000000000e+00
-7.829600000000000115e+00 0.000000000000000000e+00
-7.809600000000000541e+00 0.000000000000000000e+00
-7.789499999999999424e+00 0.000000000000000000e+00
-7.769499999999999851e+00 0.000000000000000000e+00
-7.749500000000000277e+00 0.000000000000000000e+00
-7.729500000000000703e+00 0.000000000000000000e+00
-7.709500000000001130e+00 0.000000000000000000e+00
-7.689400000000000013e+00 0.000000000000000000e+00
-7.669400000000000439e+00 0.000000000000000000e+00
-7.649400000000000865e+00 0.000000000000000000e+00
-7.629399999999999515e+00 0.000000000000000000e+00
-7.609399999999999942e+00 0.000000000000000000e+00
-7.589300000000000601e+00 0.000000000000000000e+00
-7.569300000000001027e+00 0.000000000000000000e+00
-7.549299999999999677e+00 1.000000000000000048e-04
-7.529300000000000104e+00 2.999999999999999737e-04
-7.509300000000000530e+00 8.000000000000000383e-04
-7.489199999999999413e+00 2.099999999999999870e-03
-7.469199999999999839e+00 5.499999999999999681e-03
-7.449200000000000266e+00 1.329999999999999932e-02
-7.429200000000000692e+00 2.970000000000000070e-02
-7.409200000000001118e+00 6.199999999999999956e-02
-7.389100000000000001e+00 1.207000000000000017e-01
-7.369100000000000428e+00 2.199000000000000121e-01
-7.349100000000000854e+00 3.754000000000000115e-01
-7.329099999999999504e+00 6.018999999999999906e-01
-7.309099999999999930e+00 9.082999999999999963e-01
-7.289000000000000590e+00 1.293199999999999905e+00
-7.269000000000001016e+00 1.740699999999999914e+00
-7.248999999999999666e+00 2.219599999999999795e+00
-7.229000000000000092e+00 2.686700000000000088e+00
-7.209000000000000519e+00 3.093599999999999905e+00
-7.188899999999999402e+00 3.396999999999999797e+00
-7.168899999999999828e+00 3.569100000000000161e+00
-7.148900000000000254e+00 3.603600000000000136e+00
-7.128900000000000681e+00 3.517300000000000093e+00
-7.108900000000001107e+00 3.343999999999999861e+00
-7.088799999999999990e+00 3.125599999999999934e+00
-7.068800000000000416e+00 2.902800000000000047e+00
-7.048800000000000843e+00 2.708000000000000185e+00
-7.028799999999999493e+00 2.562899999999999956e+00
-7.008799999999999919e+00 2.478699999999999903e+00
-6.988700000000000578e+00 2.456999999999999851e+00
-6.968700000000001005e+00 2.491000000000000103e+00
-6.948699999999999655e+00 2.566100000000000048e+00
-6.928700000000000081e+00 2.661700000000000177e+00
-6.908700000000000507e+00 2.754300000000000193e+00
-6.888600000000001167e+00 2.822999999999999954e+00
-6.868599999999999817e+00 2.853699999999999903e+00
-6.848600000000000243e+00 2.842400000000000038e+00
-6.828600000000000669e+00 2.794099999999999806e+00
-6.808600000000001096e+00 2.720400000000000151e+00
-6.788499999999999979e+00 2.634500000000000064e+00
-6.768500000000000405e+00 2.548299999999999788e+00
-6.748500000000000831e+00 2.470800000000000107e+00
-6.728499999999999481e+00 2.407799999999999940e+00
-6.708499999999999908e+00 2.362899999999999778e+00
-6.688400000000000567e+00 2.338999999999999968e+00
-6.668400000000000993e+00 2.339599999999999902e+00
-6.648399999999999643e+00 2.369600000000000151e+00
-6.628400000000000070e+00 2.435200000000000031e+00
-6.608400000000000496e+00 2.540799999999999947e+00
-6.588300000000001155e+00 2.686599999999999877e+00
-6.568299999999999805e+00 2.865000000000000213e+00
-6.548300000000000232e+00 3.061599999999999877e+00
-6.528300000000000658e+00 3.259100000000000108e+00
-6.508300000000001084e+00 3.442800000000000082e+00
-6.488199999999999967e+00 3.606700000000000017e+00
-6.468200000000000394e+00 3.754599999999999937e+00
-6.448200000000000820e+00 3.898099999999999898e+00
-6.428199999999999470e+00 4.049599999999999866e+00
-6.408199999999999896e+00 4.213000000000000078e+00
-6.388100000000000556e+00 4.376999999999999780e+00
-6.368100000000000982e+00 4.511300000000000310e+00
-6.348099999999999632e+00 4.571799999999999642e+00
-6.328100000000000058e+00 4.511499999999999844e+00
-6.308100000000000485e+00 4.297399999999999665e+00
-6.288000000000001144e+00 3.924100000000000144e+00
-6.267999999999999794e+00 3.420399999999999885e+00
-6.248000000000000220e+00 2.842799999999999994e+00
-6.228000000000000647e+00 2.260200000000000209e+00
-6.208000000000001073e+00 1.734699999999999909e+00
-6.187899999999999956e+00 1.307299999999999907e+00
-6.167900000000000382e+00 9.921999999999999709e-01
-6.147900000000000809e+00 7.804999999999999716e-01
-6.127899999999999459e+00 6.493999999999999773e-01
-6.107899999999999885e+00 5.729999999999999538e-01
-6.087800000000000544e+00 5.295999999999999597e-01
-6.067800000000000971e+00 5.050000000000000044e-01
-6.047800000000000509e+00 4.917000000000000259e-01
-6.027800000000000047e+00 4.862000000000000210e-01
-6.007800000000000473e+00 4.858000000000000096e-01
-5.987700000000000244e+00 4.877000000000000224e-01
-5.967700000000000671e+00 4.889999999999999902e-01
-5.947700000000000209e+00 4.879000000000000004e-01
-5.927700000000000635e+00 4.848999999999999977e-01
-5.907700000000000173e+00 4.818999999999999950e-01
-5.887599999999999945e+00 4.809999999999999831e-01
-5.867600000000000371e+00 4.833000000000000074e-01
-5.847599999999999909e+00 4.879999999999999893e-01
-5.827600000000000335e+00 4.934999999999999942e-01
-5.807599999999999874e+00 4.979000000000000092e-01
-5.787500000000000533e+00 5.004999999999999449e-01
-5.767500000000000071e+00 5.020000000000000018e-01
-5.747500000000000497e+00 5.040999999999999925e-01
-5.727500000000000036e+00 5.082999999999999741e-01
-5.707500000000000462e+00 5.155999999999999472e-01
-5.687400000000000233e+00 5.254999999999999671e-01
-5.667400000000000659e+00 5.365999999999999659e-01
-5.647400000000000198e+00 5.476999999999999647e-01
-5.627400000000000624e+00 5.584000000000000075e-01
-5.607400000000000162e+00 5.699999999999999512e-01
-5.587299999999999933e+00 5.843000000000000416e-01
-5.567300000000000360e+00 6.035000000000000364e-01
-5.547299999999999898e+00 6.289000000000000146e-01
-5.527300000000000324e+00 6.612000000000000099e-01
-5.507299999999999862e+00 7.014000000000000234e-01
-5.487200000000000522e+00 7.514999999999999458e-01
-5.467200000000000060e+00 8.131000000000000449e-01
-5.447200000000000486e+00 8.863999999999999657e-01
-5.427200000000000024e+00 9.676000000000000156e-01
-5.407200000000000450e+00 1.047199999999999909e+00
-5.387100000000000222e+00 1.110700000000000021e+00
-5.367100000000000648e+00 1.141499999999999959e+00
-5.347100000000000186e+00 1.125499999999999945e+00
-5.327100000000000612e+00 1.055800000000000072e+00
-5.307100000000000151e+00 9.361000000000000432e-01
-5.286999999999999922e+00 7.805999999999999606e-01
-5.267000000000000348e+00 6.097000000000000197e-01
-5.246999999999999886e+00 4.447999999999999732e-01
-5.227000000000000313e+00 3.023000000000000131e-01
-5.206999999999999851e+00 1.910999999999999921e-01
-5.186900000000000510e+00 1.122999999999999970e-01
-5.166900000000000048e+00 6.119999999999999746e-02
-5.146900000000000475e+00 3.090000000000000038e-02
-5.126900000000000013e+00 1.450000000000000074e-02
-5.106900000000000439e+00 6.300000000000000044e-03
-5.086800000000000210e+00 2.500000000000000052e-03
-5.066800000000000637e+00 8.999999999999999754e-04
-5.046800000000000175e+00 2.999999999999999737e-04
-5.026800000000000601e+00 1.000000000000000048e-04
-5.006800000000000139e+00 0.000000000000000000e+00
-4.986699999999999910e+00 0.000000000000000000e+00
-4.966700000000000337e+00 0.000000000000000000e+00
-4.946699999999999875e+00 1.000000000000000048e-04
-4.926700000000000301e+00 2.000000000000000096e-04
-4.906700000000000728e+00 6.999999999999999929e-04
-4.886600000000000499e+00 2.200000000000000133e-03
-4.866600000000000037e+00 5.899999999999999863e-03
-4.846600000000000463e+00 1.469999999999999953e-02
-4.826600000000000001e+00 3.389999999999999958e-02
-4.806600000000000428e+00 7.270000000000000073e-02
-4.786500000000000199e+00 1.441999999999999948e-01
-4.766500000000000625e+00 2.654000000000000248e-01
-4.746500000000000163e+00 4.529000000000000248e-01
-4.726500000000000590e+00 7.176000000000000156e-01
-4.706500000000000128e+00 1.056699999999999973e+00
-4.686399999999999899e+00 1.448499999999999899e+00
-4.666400000000000325e+00 1.851699999999999902e+00
-4.646399999999999864e+00 2.213299999999999823e+00
-4.626400000000000290e+00 2.481899999999999995e+00
-4.606400000000000716e+00 2.622700000000000031e+00
-4.586300000000000487e+00 2.627899999999999903e+00
-4.566300000000000026e+00 2.517300000000000093e+00
-4.546300000000000452e+00 2.329899999999999860e+00
-4.526299999999999990e+00 2.110599999999999810e+00
-4.506300000000000416e+00 1.897399999999999975e+00
-4.486200000000000188e+00 1.713500000000000023e+00
-4.466200000000000614e+00 1.566000000000000059e+00
-4.446200000000000152e+00 1.450599999999999890e+00
-4.426200000000000578e+00 1.357399999999999940e+00
-4.406200000000000117e+00 1.276899999999999924e+00
-4.386099999999999888e+00 1.203000000000000069e+00
-4.366100000000000314e+00 1.134100000000000108e+00
-4.346099999999999852e+00 1.072100000000000053e+00
-4.326100000000000279e+00 1.021200000000000108e+00
-4.306100000000000705e+00 9.857000000000000206e-01
-4.286000000000000476e+00 9.678999999999999826e-01
-4.266000000000000014e+00 9.656000000000000139e-01
-4.246000000000000441e+00 9.721999999999999531e-01
-4.225999999999999979e+00 9.781999999999999584e-01
-4.206000000000000405e+00 9.748999999999999888e-01
-4.185900000000000176e+00 9.576999999999999957e-01
-4.165900000000000603e+00 9.282000000000000250e-01
-4.145900000000000141e+00 8.915999999999999481e-01
-4.125900000000000567e+00 8.544000000000000483e-01
-4.105900000000000105e+00 8.205999999999999961e-01
-4.085799999999999876e+00 7.915999999999999703e-01
-4.065800000000000303e+00 7.671000000000000041e-01
-4.045800000000000729e+00 7.480999999999999872e-01
-4.025800000000000267e+00 7.377000000000000224e-01
-4.005800000000000693e+00 7.399000000000000021e-01
-3.985700000000000465e+00 7.572999999999999732e-01
-3.965700000000000003e+00 7.873999999999999888e-01
-3.945700000000000429e+00 8.217999999999999750e-01
-3.925699999999999967e+00 8.477000000000000091e-01
-3.905700000000000394e+00 8.531999999999999584e-01
-3.885600000000000165e+00 8.325000000000000178e-01
-3.865600000000000591e+00 7.893999999999999906e-01
-3.845600000000000129e+00 7.359999999999999876e-01
-3.825600000000000556e+00 6.882000000000000339e-01
-3.805600000000000094e+00 6.589000000000000412e-01
-3.785499999999999865e+00 6.522000000000000020e-01
-3.765500000000000291e+00 6.629000000000000448e-01
-3.745500000000000718e+00 6.798999999999999488e-01
-3.725500000000000256e+00 6.927999999999999714e-01
-3.705500000000000682e+00 6.983000000000000318e-01
-3.685400000000000453e+00 7.023000000000000353e-01
-3.665399999999999991e+00 7.183000000000000496e-01
-3.645400000000000418e+00 7.625999999999999446e-01
-3.625399999999999956e+00 8.500999999999999668e-01
-3.605400000000000382e+00 9.919999999999999929e-01
-3.585300000000000153e+00 1.196099999999999941e+00
-3.565300000000000580e+00 1.465999999999999970e+00
-3.545300000000000118e+00 1.799600000000000088e+00
-3.525300000000000544e+00 2.185900000000000176e+00
-3.505300000000000082e+00 2.603200000000000180e+00
-3.485199999999999854e+00 3.022499999999999964e+00
-3.465200000000000280e+00 3.415099999999999802e+00
-3.445200000000000706e+00 3.761899999999999800e+00
-3.425200000000000244e+00 4.056400000000000006e+00
-3.405200000000000671e+00 4.300799999999999734e+00
-3.385100000000000442e+00 4.495599999999999596e+00
-3.365099999999999980e+00 4.632299999999999862e+00
-3.345100000000000406e+00 4.693900000000000183e+00
-3.325099999999999945e+00 4.664500000000000313e+00
-3.305100000000000371e+00 4.543300000000000338e+00
-3.285000000000000142e+00 4.352500000000000036e+00
-3.265000000000000568e+00 4.135900000000000354e+00
-3.245000000000000107e+00 3.948100000000000165e+00
-3.225000000000000533e+00 3.838799999999999990e+00
-3.205000000000000071e+00 3.838999999999999968e+00
-3.184900000000000730e+00 3.952900000000000080e+00
-3.164900000000000269e+00 4.156699999999999839e+00
-3.144900000000000695e+00 4.405199999999999783e+00
-3.124900000000000233e+00 4.642900000000000027e+00
-3.104900000000000659e+00 4.817899999999999849e+00
-3.084800000000000431e+00 4.894800000000000040e+00
-3.064799999999999969e+00 4.861399999999999721e+00
-3.044800000000000395e+00 4.729000000000000092e+00
-3.024799999999999933e+00 4.525100000000000122e+00
-3.004800000000000360e+00 4.283000000000000362e+00
-2.984700000000000131e+00 4.031699999999999839e+00
-2.964700000000000557e+00 3.789800000000000058e+00
-2.944700000000000095e+00 3.564499999999999780e+00
-2.924700000000000522e+00 3.354699999999999793e+00
-2.904700000000000060e+00 3.157000000000000028e+00
-2.884600000000000719e+00 2.970400000000000151e+00
-2.864600000000000257e+00 2.800100000000000033e+00
-2.844600000000000684e+00 2.657099999999999795e+00
-2.824600000000000222e+00 2.555000000000000160e+00
-2.804600000000000648e+00 2.504300000000000193e+00
-2.784500000000000419e+00 2.505900000000000016e+00
-2.764499999999999957e+00 2.548399999999999999e+00
-2.744500000000000384e+00 2.610500000000000043e+00
-2.724499999999999922e+00 2.667499999999999982e+00
-2.704500000000000348e+00 2.701099999999999834e+00
-2.684400000000000119e+00 2.705799999999999983e+00
-2.664400000000000546e+00 2.691100000000000048e+00
-2.644400000000000084e+00 2.676899999999999835e+00
-2.624400000000000510e+00 2.687199999999999811e+00
-2.604400000000000048e+00 2.743599999999999817e+00
-2.584300000000000708e+00 2.860599999999999810e+00
-2.564300000000000246e+00 3.044599999999999973e+00
-2.544300000000000672e+00 3.291399999999999881e+00
-2.524300000000000210e+00 3.584900000000000198e+00
-2.504300000000000637e+00 3.895999999999999908e+00
-2.484200000000000408e+00 4.185200000000000031e+00
-2.464199999999999946e+00 4.410499999999999865e+00
-2.444200000000000372e+00 4.538299999999999557e+00
-2.424199999999999910e+00 4.553300000000000125e+00
-2.404200000000000337e+00 4.462900000000000311e+00
-2.384100000000000108e+00 4.292300000000000004e+00
-2.364100000000000534e+00 4.075499999999999901e+00
-2.344100000000000072e+00 3.844800000000000217e+00
-2.324100000000000499e+00 3.625000000000000000e+00
-2.304100000000000037e+00 3.431799999999999962e+00
-2.284000000000000696e+00 3.273299999999999876e+00
-2.264000000000000234e+00 3.151100000000000012e+00
-2.244000000000000661e+00 3.061300000000000132e+00
-2.224000000000000199e+00 2.994400000000000173e+00
-2.204000000000000625e+00 2.936799999999999855e+00
-2.183900000000000396e+00 2.874600000000000044e+00
-2.163899999999999935e+00 2.798500000000000210e+00
-2.143900000000000361e+00 2.707199999999999829e+00
-2.123899999999999899e+00 2.608400000000000052e+00
-2.103900000000000325e+00 2.517100000000000115e+00
-2.083800000000000097e+00 2.452100000000000168e+00
-2.063800000000000523e+00 2.432199999999999918e+00
-2.043800000000000061e+00 2.473700000000000010e+00
-2.023800000000000487e+00 2.588999999999999968e+00
-2.003800000000000026e+00 2.786399999999999988e+00
-1.983700000000000019e+00 3.070600000000000218e+00
-1.963700000000000001e+00 3.443700000000000205e+00
-1.943699999999999983e+00 3.906400000000000095e+00
-1.923699999999999966e+00 4.458300000000000374e+00
-1.903699999999999948e+00 5.094500000000000028e+00
-1.883600000000000163e+00 5.799100000000000144e+00
-1.863600000000000145e+00 6.536299999999999777e+00
-1.843600000000000128e+00 7.245300000000000296e+00
-1.823600000000000110e+00 7.843399999999999928e+00
-1.803600000000000092e+00 8.241899999999999338e+00
-1.783499999999999863e+00 8.371299999999999741e+00
-1.763499999999999845e+00 8.205399999999999139e+00
-1.743500000000000272e+00 7.772199999999999775e+00
-1.723500000000000254e+00 7.147000000000000242e+00
-1.703500000000000236e+00 6.428700000000000081e+00
-1.683400000000000007e+00 5.710799999999999876e+00
-1.663399999999999990e+00 5.058900000000000396e+00
-1.643399999999999972e+00 4.501699999999999591e+00
-1.623399999999999954e+00 4.035000000000000142e+00
-1.603399999999999936e+00 3.635200000000000209e+00
-1.583300000000000152e+00 3.274999999999999911e+00
-1.563300000000000134e+00 2.935599999999999987e+00
-1.543300000000000116e+00 2.613199999999999967e+00
-1.523300000000000098e+00 2.316199999999999815e+00
-1.503300000000000081e+00 2.057399999999999896e+00
-1.483199999999999852e+00 1.844000000000000083e+00
-1.463200000000000278e+00 1.672099999999999920e+00
-1.443200000000000260e+00 1.527400000000000091e+00
-1.423200000000000243e+00 1.392500000000000071e+00
-1.403200000000000225e+00 1.255800000000000027e+00
-1.383099999999999996e+00 1.116999999999999993e+00
-1.363099999999999978e+00 9.874000000000000554e-01
-1.343099999999999961e+00 8.839000000000000190e-01
-1.323099999999999943e+00 8.215999999999999970e-01
-1.303099999999999925e+00 8.066999999999999726e-01
-1.283000000000000140e+00 8.334000000000000297e-01
-1.263000000000000123e+00 8.848000000000000309e-01
-1.243000000000000105e+00 9.388999999999999568e-01
-1.223000000000000087e+00 9.758000000000000007e-01
-1.203000000000000069e+00 9.848000000000000087e-01
-1.182900000000000285e+00 9.686000000000000165e-01
-1.162900000000000267e+00 9.419999999999999485e-01
-1.142900000000000249e+00 9.260000000000000453e-01
-1.122900000000000231e+00 9.402000000000000357e-01
-1.102900000000000214e+00 9.957000000000000295e-01
-1.082799999999999985e+00 1.092999999999999972e+00
-1.062799999999999967e+00 1.223799999999999999e+00
-1.042799999999999949e+00 1.375199999999999978e+00
-1.022799999999999931e+00 1.534499999999999975e+00
-1.002799999999999914e+00 1.691000000000000059e+00
-9.827000000000001290e-01 1.836600000000000010e+00
-9.627000000000001112e-01 1.964499999999999913e+00
-9.427000000000000934e-01 2.069799999999999862e+00
-9.227000000000000757e-01 2.149999999999999911e+00
-9.027000000000000579e-01 2.207199999999999829e+00
-8.826000000000002732e-01 2.249299999999999855e+00
-8.626000000000002554e-01 2.290299999999999780e+00
-8.426000000000002377e-01 2.349200000000000177e+00
-8.226000000000002199e-01 2.446800000000000086e+00
-8.026000000000002021e-01 2.600800000000000001e+00
-7.824999999999999734e-01 2.819100000000000161e+00
-7.624999999999999556e-01 3.092799999999999994e+00
-7.424999999999999378e-01 3.393100000000000005e+00
-7.224999999999999201e-01 3.672600000000000087e+00
-7.024999999999999023e-01 3.874200000000000088e+00
-6.824000000000001176e-01 3.945600000000000218e+00
-6.624000000000000998e-01 3.854499999999999815e+00
-6.424000000000000821e-01 3.600699999999999790e+00
-6.224000000000000643e-01 3.218500000000000139e+00
-6.024000000000000465e-01 2.768400000000000194e+00
-5.823000000000002618e-01 2.321000000000000174e+00
-5.623000000000002441e-01 1.937999999999999945e+00
-5.423000000000002263e-01 1.659299999999999997e+00
-5.223000000000002085e-01 1.497800000000000020e+00
-5.023000000000001908e-01 1.445599999999999996e+00
-4.821999999999999620e-01 1.483800000000000008e+00
-4.621999999999999442e-01 1.592300000000000049e+00
-4.421999999999999265e-01 1.753500000000000059e+00
-4.221999999999999087e-01 1.949799999999999978e+00
-4.021999999999998909e-01 2.157000000000000028e+00
-3.821000000000001062e-01 2.341600000000000126e+00
-3.621000000000000885e-01 2.463600000000000012e+00
-3.421000000000000707e-01 2.487600000000000033e+00
-3.221000000000000529e-01 2.395900000000000141e+00
-3.021000000000000352e-01 2.195800000000000196e+00
-2.820000000000002505e-01 1.918800000000000061e+00
-2.620000000000002327e-01 1.609499999999999931e+00
-2.420000000000002149e-01 1.311500000000000110e+00
-2.220000000000001972e-01 1.056400000000000006e+00
-2.020000000000001794e-01 8.596000000000000307e-01
-1.818999999999999506e-01 7.229999999999999760e-01
-1.618999999999999329e-01 6.403999999999999693e-01
-1.418999999999999151e-01 6.020999999999999686e-01
-1.218999999999998973e-01 5.969999999999999751e-01
-1.018999999999998796e-01 6.131999999999999673e-01
-8.180000000000009486e-02 6.380000000000000115e-01
-6.180000000000007709e-02 6.585999999999999632e-01
-4.180000000000005933e-02 6.636999999999999567e-01
-2.180000000000004157e-02 6.454999999999999627e-01
-1.800000000000023803e-03 6.008000000000000007e-01
1.829999999999998295e-02 5.318000000000000504e-01
3.830000000000000071e-02 4.454000000000000181e-01
5.830000000000001847e-02 3.513999999999999901e-01
7.830000000000003624e-02 2.601999999999999869e-01
9.829999999999983196e-02 1.801999999999999991e-01
1.183999999999998387e-01 1.164000000000000035e-01
1.383999999999998565e-01 6.990000000000000380e-02
1.583999999999998742e-01 3.910000000000000281e-02
1.783999999999998920e-01 2.019999999999999921e-02
1.983999999999999098e-01 9.700000000000000289e-03
2.184999999999999165e-01 4.300000000000000003e-03
2.384999999999999343e-01 1.799999999999999951e-03
2.584999999999999520e-01 6.999999999999999929e-04
2.784999999999999698e-01 2.000000000000000096e-04
2.984999999999999876e-01 1.000000000000000048e-04
3.185999999999999943e-01 0.000000000000000000e+00
3.386000000000000121e-01 0.000000000000000000e+00
3.586000000000000298e-01 0.000000000000000000e+00
3.785999999999998256e-01 0.000000000000000000e+00
3.985999999999998433e-01 0.000000000000000000e+00
4.186999999999998501e-01 0.000000000000000000e+00
4.386999999999998678e-01 0.000000000000000000e+00
4.586999999999998856e-01 0.000000000000000000e+00
4.786999999999999034e-01 0.000000000000000000e+00
4.986999999999999211e-01 0.000000000000000000e+00
5.187999999999999279e-01 0.000000000000000000e+00
5.387999999999999456e-01 0.000000000000000000e+00
5.587999999999999634e-01 0.000000000000000000e+00
5.787999999999999812e-01 0.000000000000000000e+00
5.987999999999999989e-01 0.000000000000000000e+00
6.189000000000000057e-01 0.000000000000000000e+00
6.389000000000000234e-01 0.000000000000000000e+00
6.589000000000000412e-01 0.000000000000000000e+00
6.788999999999998369e-01 2.000000000000000096e-04
6.988999999999998547e-01 4.000000000000000192e-04
7.189999999999998614e-01 1.199999999999999895e-03
7.389999999999998792e-01 3.000000000000000062e-03
7.589999999999998970e-01 6.799999999999999621e-03
7.789999999999999147e-01 1.460000000000000013e-02
7.989999999999999325e-01 2.889999999999999861e-02
8.190999999999999392e-01 5.319999999999999729e-02
8.390999999999999570e-01 9.089999999999999469e-02
8.590999999999999748e-01 1.446999999999999953e-01
8.790999999999999925e-01 2.147000000000000020e-01
8.991000000000000103e-01 2.972000000000000197e-01
9.192000000000000171e-01 3.850000000000000089e-01
9.392000000000000348e-01 4.681000000000000161e-01
9.591999999999999416e-01 5.364999999999999769e-01
9.791999999999999593e-01 5.836000000000000076e-01
9.991999999999999771e-01 6.082999999999999519e-01
1.019299999999999873e+00 6.160999999999999810e-01
1.039299999999999891e+00 6.176000000000000378e-01
1.059299999999999908e+00 6.256000000000000449e-01
1.079299999999999926e+00 6.529000000000000359e-01
1.099299999999999944e+00 7.098999999999999755e-01
1.119399999999999951e+00 8.036999999999999700e-01
1.139399999999999968e+00 9.367999999999999661e-01
1.159399999999999986e+00 1.106800000000000006e+00
1.179399999999999782e+00 1.305199999999999916e+00
1.199399999999999800e+00 1.517200000000000104e+00
1.219500000000000028e+00 1.722499999999999920e+00
1.239500000000000046e+00 1.897499999999999964e+00
1.259500000000000064e+00 2.019600000000000062e+00
1.279500000000000082e+00 2.071699999999999875e+00
1.299500000000000099e+00 2.048799999999999955e+00
1.319599999999999884e+00 1.963200000000000056e+00
1.339599999999999902e+00 1.847199999999999953e+00
1.359599999999999920e+00 1.749300000000000077e+00
1.379599999999999937e+00 1.723899999999999988e+00
1.399599999999999955e+00 1.814799999999999969e+00
1.419699999999999962e+00 2.038400000000000212e+00
1.439699999999999980e+00 2.373299999999999965e+00
1.459699999999999998e+00 2.761400000000000077e+00
1.479700000000000015e+00 3.123200000000000198e+00
1.499699999999999811e+00 3.383000000000000007e+00
1.519800000000000040e+00 3.492199999999999971e+00
1.539800000000000058e+00 3.444999999999999840e+00
1.559799999999999853e+00 3.275999999999999801e+00
1.579799999999999871e+00 3.045700000000000074e+00
1.599799999999999889e+00 2.817099999999999937e+00
1.619899999999999896e+00 2.636000000000000121e+00
1.639899999999999913e+00 2.519699999999999829e+00
1.659899999999999931e+00 2.458099999999999952e+00
1.679899999999999949e+00 2.422800000000000065e+00
1.699899999999999967e+00 2.380399999999999849e+00
1.719999999999999973e+00 2.304699999999999971e+00
1.739999999999999991e+00 2.184699999999999864e+00
1.760000000000000009e+00 2.026600000000000179e+00
1.780000000000000027e+00 1.851399999999999935e+00
1.799999999999999822e+00 1.688600000000000101e+00
1.820100000000000051e+00 1.568599999999999994e+00
1.840099999999999847e+00 1.514999999999999902e+00
1.860099999999999865e+00 1.539600000000000080e+00
1.880099999999999882e+00 1.640500000000000069e+00
1.900099999999999900e+00 1.804300000000000015e+00
1.920199999999999907e+00 2.010099999999999998e+00
1.940199999999999925e+00 2.234399999999999942e+00
1.960199999999999942e+00 2.454600000000000115e+00
1.980199999999999960e+00 2.650799999999999823e+00
2.000299999999999745e+00 2.806999999999999940e+00
2.020299999999999763e+00 2.911999999999999922e+00
2.040299999999999780e+00 2.960999999999999854e+00
2.060299999999999798e+00 2.956799999999999873e+00
2.080299999999999816e+00 2.909600000000000186e+00
2.100400000000000045e+00 2.834000000000000075e+00
2.120400000000000063e+00 2.745999999999999996e+00
2.140400000000000080e+00 2.658799999999999830e+00
2.160400000000000098e+00 2.581700000000000106e+00
2.180400000000000116e+00 2.518600000000000172e+00
2.200499999999999901e+00 2.469100000000000072e+00
2.220499999999999918e+00 2.428900000000000059e+00
2.240499999999999936e+00 2.391599999999999948e+00
2.260499999999999954e+00 2.350800000000000001e+00
2.280499999999999972e+00 2.302099999999999813e+00
2.300599999999999756e+00 2.244499999999999940e+00
2.320599999999999774e+00 2.180200000000000138e+00
2.340599999999999792e+00 2.113100000000000200e+00
2.360599999999999810e+00 2.047899999999999832e+00
2.380599999999999827e+00 1.987800000000000011e+00
2.400700000000000056e+00 1.933999999999999941e+00
2.420700000000000074e+00 1.885299999999999976e+00
2.440700000000000092e+00 1.839099999999999957e+00
2.460700000000000109e+00 1.793600000000000083e+00
2.480699999999999683e+00 1.748499999999999943e+00
2.500799999999999912e+00 1.706399999999999917e+00
2.520799999999999930e+00 1.670700000000000074e+00
2.540799999999999947e+00 1.644600000000000062e+00
2.560799999999999965e+00 1.629699999999999926e+00
2.580799999999999983e+00 1.626500000000000057e+00
2.600899999999999768e+00 1.635599999999999943e+00
2.620899999999999785e+00 1.658800000000000052e+00
2.640899999999999803e+00 1.698800000000000088e+00
2.660899999999999821e+00 1.757300000000000084e+00
2.680899999999999839e+00 1.832899999999999974e+00
2.701000000000000068e+00 1.919899999999999940e+00
2.721000000000000085e+00 2.009799999999999809e+00
2.740999999999999659e+00 2.093900000000000095e+00
2.761000000000000121e+00 2.167300000000000004e+00
2.780999999999999694e+00 2.230399999999999938e+00
2.801099999999999923e+00 2.288100000000000023e+00
2.821099999999999941e+00 2.345899999999999874e+00
2.841099999999999959e+00 2.406400000000000095e+00
2.861099999999999977e+00 2.466299999999999937e+00
2.881099999999999994e+00 2.516799999999999926e+00
2.901199999999999779e+00 2.546800000000000175e+00
2.921199999999999797e+00 2.547699999999999854e+00
2.941199999999999815e+00 2.517100000000000115e+00
2.961199999999999832e+00 2.461399999999999810e+00
2.981199999999999850e+00 2.394899999999999807e+00
3.001299999999999635e+00 2.337299999999999933e+00
3.021300000000000097e+00 2.310700000000000198e+00
3.041299999999999670e+00 2.335700000000000109e+00
3.061300000000000132e+00 2.429300000000000015e+00
3.081299999999999706e+00 2.601100000000000190e+00
3.101399999999999935e+00 2.851300000000000168e+00
3.121399999999999952e+00 3.167899999999999938e+00
3.141399999999999970e+00 3.526600000000000179e+00
3.161399999999999988e+00 3.892100000000000115e+00
3.181400000000000006e+00 4.223799999999999777e+00
3.201500000000000234e+00 4.483100000000000307e+00
3.221499999999999808e+00 4.643200000000000216e+00
3.241499999999999826e+00 4.695100000000000051e+00
3.261499999999999844e+00 4.649099999999999788e+00
3.281499999999999861e+00 4.529799999999999827e+00
3.301599999999999646e+00 4.366299999999999848e+00
3.321600000000000108e+00 4.183099999999999596e+00
3.341599999999999682e+00 3.994299999999999962e+00
3.361600000000000144e+00 3.803500000000000103e+00
3.381599999999999717e+00 3.608200000000000074e+00
3.401699999999999946e+00 3.404500000000000082e+00
3.421699999999999964e+00 3.191800000000000193e+00
3.441699999999999982e+00 2.973300000000000054e+00
3.461699999999999999e+00 2.755799999999999805e+00
3.481700000000000017e+00 2.546800000000000175e+00
3.501800000000000246e+00 2.351700000000000124e+00
3.521799999999999820e+00 2.172299999999999898e+00
3.541799999999999837e+00 2.007099999999999884e+00
3.561799999999999855e+00 1.853699999999999903e+00
3.581799999999999873e+00 1.713300000000000045e+00
3.601899999999999658e+00 1.592899999999999983e+00
3.621900000000000119e+00 1.505700000000000038e+00
3.641899999999999693e+00 1.467100000000000071e+00
3.661900000000000155e+00 1.488499999999999934e+00
3.681899999999999729e+00 1.571600000000000108e+00
3.701999999999999957e+00 1.705600000000000005e+00
3.721999999999999975e+00 1.870400000000000063e+00
3.741999999999999993e+00 2.043800000000000061e+00
3.762000000000000011e+00 2.209700000000000220e+00
3.782000000000000028e+00 2.362299999999999844e+00
3.802100000000000257e+00 2.505100000000000104e+00
3.822099999999999831e+00 2.643699999999999939e+00
3.842099999999999849e+00 2.776499999999999968e+00
3.862099999999999866e+00 2.890000000000000124e+00
3.882099999999999884e+00 2.959299999999999820e+00
3.902199999999999669e+00 2.955900000000000194e+00
3.922200000000000131e+00 2.858200000000000074e+00
3.942199999999999704e+00 2.659100000000000019e+00
3.962200000000000166e+00 2.369600000000000151e+00
3.982199999999999740e+00 2.016599999999999948e+00
4.002299999999999969e+00 1.635799999999999921e+00
4.022299999999999542e+00 1.264699999999999935e+00
4.042300000000000004e+00 9.352000000000000313e-01
4.062299999999999578e+00 6.696999999999999620e-01
4.082300000000000040e+00 4.793000000000000038e-01
4.102400000000000269e+00 3.640999999999999792e-01
4.122399999999999842e+00 3.154000000000000137e-01
4.142400000000000304e+00 3.180999999999999939e-01
4.162399999999999878e+00 3.538000000000000034e-01
4.182400000000000340e+00 4.045000000000000262e-01
4.202499999999999680e+00 4.560000000000000164e-01
4.222500000000000142e+00 5.003999999999999559e-01
4.242499999999999716e+00 5.366999999999999549e-01
4.262500000000000178e+00 5.691000000000000503e-01
4.282499999999999751e+00 6.029999999999999805e-01
4.302599999999999980e+00 6.408000000000000362e-01
4.322599999999999554e+00 6.797999999999999599e-01
4.342600000000000016e+00 7.125000000000000222e-01
4.362599999999999589e+00 7.302999999999999492e-01
4.382600000000000051e+00 7.278999999999999915e-01
4.402700000000000280e+00 7.072000000000000508e-01
4.422699999999999854e+00 6.774999999999999911e-01
4.442700000000000315e+00 6.533999999999999808e-01
4.462699999999999889e+00 6.492999999999999883e-01
4.482700000000000351e+00 6.751000000000000334e-01
4.502799999999999692e+00 7.340999999999999748e-01
4.522800000000000153e+00 8.250999999999999446e-01
4.542799999999999727e+00 9.466999999999999860e-01
4.562800000000000189e+00 1.100300000000000056e+00
4.582799999999999763e+00 1.289700000000000069e+00
4.602899999999999991e+00 1.515900000000000025e+00
4.622899999999999565e+00 1.770100000000000007e+00
4.642900000000000027e+00 2.028399999999999981e+00
4.662899999999999601e+00 2.254199999999999982e+00
4.682900000000000063e+00 2.405899999999999928e+00
4.703000000000000291e+00 2.449699999999999989e+00
4.722999999999999865e+00 2.370299999999999851e+00
4.743000000000000327e+00 2.175100000000000033e+00
4.762999999999999901e+00 1.891899999999999915e+00
4.783000000000000362e+00 1.559700000000000086e+00
4.803099999999999703e+00 1.218900000000000095e+00
4.823100000000000165e+00 9.026999999999999469e-01
4.843099999999999739e+00 6.330000000000000071e-01
4.863100000000000200e+00 4.198000000000000065e-01
4.883099999999999774e+00 2.627999999999999781e-01
4.903200000000000003e+00 1.549000000000000099e-01
4.923199999999999577e+00 8.580000000000000127e-02
4.943200000000000038e+00 4.449999999999999789e-02
4.963199999999999612e+00 2.160000000000000114e-02
4.983200000000000074e+00 9.799999999999999684e-03
5.003300000000000303e+00 4.100000000000000346e-03
5.023299999999999876e+00 1.600000000000000077e-03
5.043300000000000338e+00 5.999999999999999474e-04
5.063299999999999912e+00 2.000000000000000096e-04
5.083300000000000374e+00 1.000000000000000048e-04
5.103399999999999714e+00 0.000000000000000000e+00
5.123400000000000176e+00 0.000000000000000000e+00
5.143399999999999750e+00 0.000000000000000000e+00
5.163400000000000212e+00 0.000000000000000000e+00
5.183399999999999785e+00 0.000000000000000000e+00
5.203500000000000014e+00 0.000000000000000000e+00
5.223499999999999588e+00 0.000000000000000000e+00
5.243500000000000050e+00 0.000000000000000000e+00
5.263499999999999623e+00 0.000000000000000000e+00
5.283500000000000085e+00 0.000000000000000000e+00
5.303600000000000314e+00 0.000000000000000000e+00
5.323599999999999888e+00 0.000000000000000000e+00
5.343600000000000350e+00 0.000000000000000000e+00
5.363599999999999923e+00 0.000000000000000000e+00
5.383599999999999497e+00 0.000000000000000000e+00
5.403699999999999726e+00 0.000000000000000000e+00
5.423700000000000188e+00 0.000000000000000000e+00
5.443699999999999761e+00 0.000000000000000000e+00
5.463700000000000223e+00 0.000000000000000000e+00
5.483699999999999797e+00 0.000000000000000000e+00
5.503800000000000026e+00 0.000000000000000000e+00
5.523799999999999599e+00 0.000000000000000000e+00
5.543800000000000061e+00 0.000000000000000000e+00
5.563799999999999635e+00 0.000000000000000000e+00
5.583800000000000097e+00 0.000000000000000000e+00
5.603900000000000325e+00 0.000000000000000000e+00
5.623899999999999899e+00 0.000000000000000000e+00
5.643900000000000361e+00 0.000000000000000000e+00
5.663899999999999935e+00 0.000000000000000000e+00
5.683899999999999508e+00 0.000000000000000000e+00
5.703999999999999737e+00 0.000000000000000000e+00
5.724000000000000199e+00 0.000000000000000000e+00
5.743999999999999773e+00 0.000000000000000000e+00
5.764000000000000234e+00 0.000000000000000000e+00
5.783999999999999808e+00 0.000000000000000000e+00
5.804100000000000037e+00 0.000000000000000000e+00
5.824099999999999611e+00 0.000000000000000000e+00
5.844100000000000072e+00 0.000000000000000000e+00
5.864099999999999646e+00 0.000000000000000000e+00
5.884100000000000108e+00 0.000000000000000000e+00
5.904200000000000337e+00 0.000000000000000000e+00
5.924199999999999910e+00 0.000000000000000000e+00
5.944200000000000372e+00 0.000000000000000000e+00
5.964199999999999946e+00 0.000000000000000000e+00
5.984199999999999520e+00 0.000000000000000000e+00
6.004299999999999748e+00 0.000000000000000000e+00
6.024299999999999322e+00 0.000000000000000000e+00
6.044299999999999784e+00 0.000000000000000000e+00
6.064299999999999358e+00 0.000000000000000000e+00
6.084299999999999820e+00 0.000000000000000000e+00
6.104400000000000048e+00 0.000000000000000000e+00
6.124399999999999622e+00 0.000000000000000000e+00
6.144400000000000084e+00 0.000000000000000000e+00
6.164399999999999658e+00 0.000000000000000000e+00
6.184400000000000119e+00 0.000000000000000000e+00
6.204499999999999460e+00 0.000000000000000000e+00
6.224499999999999922e+00 0.000000000000000000e+00
6.244499999999999496e+00 0.000000000000000000e+00
6.264499999999999957e+00 0.000000000000000000e+00
6.284499999999999531e+00 0.000000000000000000e+00
6.304599999999999760e+00 0.000000000000000000e+00
6.324599999999999334e+00 0.000000000000000000e+00
6.344599999999999795e+00 0.000000000000000000e+00
6.364599999999999369e+00 0.000000000000000000e+00
6.384599999999999831e+00 0.000000000000000000e+00
6.404700000000000060e+00 0.000000000000000000e+00
6.424699999999999633e+00 0.000000000000000000e+00
6.444700000000000095e+00 0.000000000000000000e+00
6.464699999999999669e+00 0.000000000000000000e+00
6.484700000000000131e+00 0.000000000000000000e+00
6.504799999999999471e+00 0.000000000000000000e+00
6.524799999999999933e+00 0.000000000000000000e+00
6.544799999999999507e+00 0.000000000000000000e+00
6.564799999999999969e+00 0.000000000000000000e+00
6.584799999999999542e+00 0.000000000000000000e+00
6.604899999999999771e+00 0.000000000000000000e+00
6.624899999999999345e+00 0.000000000000000000e+00
6.644899999999999807e+00 0.000000000000000000e+00
6.664899999999999380e+00 0.000000000000000000e+00
6.684899999999999842e+00 0.000000000000000000e+00
6.705000000000000071e+00 0.000000000000000000e+00
6.724999999999999645e+00 0.000000000000000000e+00
6.745000000000000107e+00 0.000000000000000000e+00
6.764999999999999680e+00 0.000000000000000000e+00
6.785000000000000142e+00 0.000000000000000000e+00
6.805099999999999483e+00 0.000000000000000000e+00
6.825099999999999945e+00 0.000000000000000000e+00
6.845099999999999518e+00 0.000000000000000000e+00
6.865099999999999980e+00 0.000000000000000000e+00
6.885099999999999554e+00 0.000000000000000000e+00
6.905199999999999783e+00 0.000000000000000000e+00
6.925199999999999356e+00 0.000000000000000000e+00
6.945199999999999818e+00 0.000000000000000000e+00
6.965199999999999392e+00 0.000000000000000000e+00
6.985199999999999854e+00 0.000000000000000000e+00
7.005300000000000082e+00 0.000000000000000000e+00
7.025299999999999656e+00 0.000000000000000000e+00
7.045300000000000118e+00 0.000000000000000000e+00
7.065299999999999692e+00 0.000000000000000000e+00
7.085300000000000153e+00 0.000000000000000000e+00
7.105399999999999494e+00 0.000000000000000000e+00
7.125399999999999956e+00 0.000000000000000000e+00
7.145399999999999530e+00 0.000000000000000000e+00
7.165399999999999991e+00 0.000000000000000000e+00
7.185399999999999565e+00 0.000000000000000000e+00
7.205499999999999794e+00 0.000000000000000000e+00
7.225499999999999368e+00 0.000000000000000000e+00
7.245499999999999829e+00 0.000000000000000000e+00
7.265499999999999403e+00 0.000000000000000000e+00
7.285499999999999865e+00 0.000000000000000000e+00
7.305600000000000094e+00 0.000000000000000000e+00
7.325599999999999667e+00 0.000000000000000000e+00
7.345600000000000129e+00 0.000000000000000000e+00
7.365599999999999703e+00 0.000000000000000000e+00
7.385599999999999277e+00 0.000000000000000000e+00
7.405699999999999505e+00 0.000000000000000000e+00
7.425699999999999967e+00 0.000000000000000000e+00
7.445699999999999541e+00 0.000000000000000000e+00
7.465700000000000003e+00 0.000000000000000000e+00
7.485699999999999577e+00 0.000000000000000000e+00
7.505799999999999805e+00 0.000000000000000000e+00
7.525799999999999379e+00 0.000000000000000000e+00
7.545799999999999841e+00 0.000000000000000000e+00
7.565799999999999415e+00 0.000000000000000000e+00
7.585799999999999876e+00 0.000000000000000000e+00
7.605900000000000105e+00 0.000000000000000000e+00
7.625899999999999679e+00 0.000000000000000000e+00
7.645900000000000141e+00 0.000000000000000000e+00
7.665899999999999714e+00 0.000000000000000000e+00
7.685899999999999288e+00 0.000000000000000000e+00
7.705999999999999517e+00 0.000000000000000000e+00
7.725999999999999979e+00 0.000000000000000000e+00
7.745999999999999552e+00 0.000000000000000000e+00
7.766000000000000014e+00 0.000000000000000000e+00
7.785999999999999588e+00 0.000000000000000000e+00
7.806099999999999817e+00 0.000000000000000000e+00
7.826099999999999390e+00 0.000000000000000000e+00
7.846099999999999852e+00 0.000000000000000000e+00
7.866099999999999426e+00 0.000000000000000000e+00
7.886099999999999888e+00 0.000000000000000000e+00
7.906200000000000117e+00 0.000000000000000000e+00
7.926199999999999690e+00 0.000000000000000000e+00
7.946200000000000152e+00 0.000000000000000000e+00
7.966199999999999726e+00 0.000000000000000000e+00
7.986199999999999299e+00 0.000000000000000000e+00
8.006299999999999528e+00 0.000000000000000000e+00
8.026300000000000878e+00 0.000000000000000000e+00
8.046300000000000452e+00 0.000000000000000000e+00
8.066300000000000026e+00 0.000000000000000000e+00
8.086299999999999599e+00 0.000000000000000000e+00
8.106400000000000716e+00 0.000000000000000000e+00
8.126400000000000290e+00 0.000000000000000000e+00
8.146399999999999864e+00 0.000000000000000000e+00
8.166399999999999437e+00 0.000000000000000000e+00
8.186400000000000787e+00 0.000000000000000000e+00
8.206500000000000128e+00 0.000000000000000000e+00
8.226499999999999702e+00 0.000000000000000000e+00
8.246499999999999275e+00 0.000000000000000000e+00
8.266500000000000625e+00 0.000000000000000000e+00
8.286500000000000199e+00 0.000000000000000000e+00
8.306599999999999540e+00 0.000000000000000000e+00
8.326600000000000890e+00 0.000000000000000000e+00
8.346600000000000463e+00 0.000000000000000000e+00
8.366600000000000037e+00 0.000000000000000000e+00
8.386599999999999611e+00 0.000000000000000000e+00
8.406700000000000728e+00 0.000000000000000000e+00
8.426700000000000301e+00 0.000000000000000000e+00
8.446699999999999875e+00 0.000000000000000000e+00
8.466699999999999449e+00 0.000000000000000000e+00
8.486700000000000799e+00 0.000000000000000000e+00
8.506800000000000139e+00 0.000000000000000000e+00
8.526799999999999713e+00 0.000000000000000000e+00
8.546799999999999287e+00 0.000000000000000000e+00
8.566800000000000637e+00 0.000000000000000000e+00
8.586800000000000210e+00 0.000000000000000000e+00
8.606899999999999551e+00 0.000000000000000000e+00
8.626900000000000901e+00 0.000000000000000000e+00
8.646900000000000475e+00 0.000000000000000000e+00
8.666900000000000048e+00 0.000000000000000000e+00
8.686899999999999622e+00 0.000000000000000000e+00
8.707000000000000739e+00 0.000000000000000000e+00
8.727000000000000313e+00 0.000000000000000000e+00
8.746999999999999886e+00 0.000000000000000000e+00
8.766999999999999460e+00 0.000000000000000000e+00
8.787000000000000810e+00 0.000000000000000000e+00
8.807100000000000151e+00 0.000000000000000000e+00
8.827099999999999724e+00 0.000000000000000000e+00
8.847099999999999298e+00 0.000000000000000000e+00
8.867100000000000648e+00 0.000000000000000000e+00
8.887100000000000222e+00 0.000000000000000000e+00
8.907199999999999562e+00 0.000000000000000000e+00
8.927200000000000912e+00 0.000000000000000000e+00
8.947200000000000486e+00 0.000000000000000000e+00
8.967200000000000060e+00 0.000000000000000000e+00
8.987199999999999633e+00 0.000000000000000000e+00
9.007300000000000750e+00 0.000000000000000000e+00
9.027300000000000324e+00 0.000000000000000000e+00
9.047299999999999898e+00 0.000000000000000000e+00
9.067299999999999471e+00 0.000000000000000000e+00
9.087300000000000821e+00 0.000000000000000000e+00
9.107400000000000162e+00 0.000000000000000000e+00
9.127399999999999736e+00 0.000000000000000000e+00
9.147399999999999309e+00 0.000000000000000000e+00
9.167400000000000659e+00 0.000000000000000000e+00
9.187400000000000233e+00 0.000000000000000000e+00
9.207499999999999574e+00 0.000000000000000000e+00
9.227500000000000924e+00 0.000000000000000000e+00
9.247500000000000497e+00 0.000000000000000000e+00
9.267500000000000071e+00 0.000000000000000000e+00
9.287499999999999645e+00 0.000000000000000000e+00
9.307600000000000762e+00 0.000000000000000000e+00
9.327600000000000335e+00 0.000000000000000000e+00
9.347599999999999909e+00 0.000000000000000000e+00
9.367599999999999483e+00 0.000000000000000000e+00
9.387600000000000833e+00 0.000000000000000000e+00
9.407700000000000173e+00 0.000000000000000000e+00
9.427699999999999747e+00 0.000000000000000000e+00
9.447699999999999321e+00 0.000000000000000000e+00
9.467700000000000671e+00 0.000000000000000000e+00
9.487700000000000244e+00 0.000000000000000000e+00
9.507799999999999585e+00 0.000000000000000000e+00
9.527800000000000935e+00 0.000000000000000000e+00
9.547800000000000509e+00 0.000000000000000000e+00
9.567800000000000082e+00 0.000000000000000000e+00
9.587799999999999656e+00 0.000000000000000000e+00
9.607900000000000773e+00 0.000000000000000000e+00
9.627900000000000347e+00 0.000000000000000000e+00
9.647899999999999920e+00 0.000000000000000000e+00
9.667899999999999494e+00 0.000000000000000000e+00
9.687900000000000844e+00 0.000000000000000000e+00
9.708000000000000185e+00 0.000000000000000000e+00
9.727999999999999758e+00 0.000000000000000000e+00
9.747999999999999332e+00 0.000000000000000000e+00
9.768000000000000682e+00 0.000000000000000000e+00
9.788000000000000256e+00 0.000000000000000000e+00
9.808099999999999596e+00 0.000000000000000000e+00
9.828100000000000946e+00 0.000000000000000000e+00
9.848100000000000520e+00 0.000000000000000000e+00
9.868100000000000094e+00 0.000000000000000000e+00
9.888099999999999667e+00 0.000000000000000000e+00
9.908200000000000784e+00 0.000000000000000000e+00
9.928200000000000358e+00 0.000000000000000000e+00
9.948199999999999932e+00 0.000000000000000000e+00
9.968200000000001282e+00 0.000000000000000000e+00
9.988200000000000855e+00 0.000000000000000000e+00
1.000830000000000020e+01 0.000000000000000000e+00
1.002829999999999977e+01 0.000000000000000000e+00
1.004830000000000112e+01 0.000000000000000000e+00
1.006830000000000069e+01 0.000000000000000000e+00
1.008830000000000027e+01 0.000000000000000000e+00
1.010840000000000138e+01 0.000000000000000000e+00
1.012840000000000096e+01 0.000000000000000000e+00
1.014840000000000053e+01 0.000000000000000000e+00
1.016840000000000011e+01 0.000000000000000000e+00
1.018840000000000146e+01 0.000000000000000000e+00
1.020850000000000080e+01 0.000000000000000000e+00
1.022850000000000037e+01 0.000000000000000000e+00
1.024849999999999994e+01 0.000000000000000000e+00
1.026850000000000129e+01 0.000000000000000000e+00
1.028850000000000087e+01 0.000000000000000000e+00
1.030860000000000021e+01 0.000000000000000000e+00
1.032859999999999978e+01 0.000000000000000000e+00
1.034860000000000113e+01 0.000000000000000000e+00
1.036860000000000070e+01 0.000000000000000000e+00
1.038860000000000028e+01 0.000000000000000000e+00
1.040870000000000140e+01 0.000000000000000000e+00
1.042870000000000097e+01 0.000000000000000000e+00
1.044870000000000054e+01 0.000000000000000000e+00
1.046870000000000012e+01 0.000000000000000000e+00
1.048870000000000147e+01 0.000000000000000000e+00
1.050880000000000081e+01 0.000000000000000000e+00
1.052880000000000038e+01 0.000000000000000000e+00
1.054879999999999995e+01 0.000000000000000000e+00
1.056880000000000130e+01 0.000000000000000000e+00
1.058880000000000088e+01 0.000000000000000000e+00
1.060890000000000022e+01 0.000000000000000000e+00
1.062889999999999979e+01 0.000000000000000000e+00
1.064890000000000114e+01 0.000000000000000000e+00
1.066890000000000072e+01 0.000000000000000000e+00
1.068890000000000029e+01 0.000000000000000000e+00
1.070900000000000141e+01 0.000000000000000000e+00
1.072900000000000098e+01 0.000000000000000000e+00
1.074900000000000055e+01 0.000000000000000000e+00
1.076900000000000013e+01 0.000000000000000000e+00
1.078900000000000148e+01 0.000000000000000000e+00
1.080910000000000082e+01 0.000000000000000000e+00
1.082910000000000039e+01 0.000000000000000000e+00
1.084909999999999997e+01 0.000000000000000000e+00
1.086910000000000132e+01 0.000000000000000000e+00
1.088910000000000089e+01 0.000000000000000000e+00
1.090920000000000023e+01 0.000000000000000000e+00
1.092919999999999980e+01 0.000000000000000000e+00
1.094920000000000115e+01 0.000000000000000000e+00
1.096920000000000073e+01 0.000000000000000000e+00
1.098920000000000030e+01 0.000000000000000000e+00
1.100930000000000142e+01 0.000000000000000000e+00
1.102930000000000099e+01 0.000000000000000000e+00
1.104930000000000057e+01 0.000000000000000000e+00
1.106930000000000014e+01 0.000000000000000000e+00
1.108929999999999971e+01 0.000000000000000000e+00
1.110940000000000083e+01 0.000000000000000000e+00
1.112940000000000040e+01 0.000000000000000000e+00
1.114939999999999998e+01 0.000000000000000000e+00
1.116940000000000133e+01 0.000000000000000000e+00
1.118940000000000090e+01 0.000000000000000000e+00
1.120950000000000024e+01 0.000000000000000000e+00
1.122949999999999982e+01 0.000000000000000000e+00
1.124950000000000117e+01 0.000000000000000000e+00
1.126950000000000074e+01 0.000000000000000000e+00
1.128950000000000031e+01 0.000000000000000000e+00
1.130960000000000143e+01 0.000000000000000000e+00
1.132960000000000100e+01 0.000000000000000000e+00
1.134960000000000058e+01 0.000000000000000000e+00
1.136960000000000015e+01 0.000000000000000000e+00
1.138959999999999972e+01 0.000000000000000000e+00
1.140970000000000084e+01 0.000000000000000000e+00
1.142970000000000041e+01 0.000000000000000000e+00
1.144969999999999999e+01 0.000000000000000000e+00
1.146970000000000134e+01 0.000000000000000000e+00
1.148970000000000091e+01 0.000000000000000000e+00
1.150980000000000025e+01 0.000000000000000000e+00
1.152979999999999983e+01 0.000000000000000000e+00
1.154980000000000118e+01 0.000000000000000000e+00
1.156980000000000075e+01 0.000000000000000000e+00
1.158980000000000032e+01 0.000000000000000000e+00
1.160990000000000144e+01 0.000000000000000000e+00
1.162990000000000101e+01 0.000000000000000000e+00
1.164990000000000059e+01 0.000000000000000000e+00
1.166990000000000016e+01 0.000000000000000000e+00
1.168989999999999974e+01 0.000000000000000000e+00
1.171000000000000085e+01 0.000000000000000000e+00
1.173000000000000043e+01 0.000000000000000000e+00
1.175000000000000000e+01 0.000000000000000000e+00
1.177000000000000135e+01 0.000000000000000000e+00
1.179000000000000092e+01 0.000000000000000000e+00
1.181010000000000026e+01 0.000000000000000000e+00
1.183009999999999984e+01 0.000000000000000000e+00
1.185010000000000119e+01 0.000000000000000000e+00
1.187010000000000076e+01 0.000000000000000000e+00
1.189010000000000034e+01 0.000000000000000000e+00
1.191020000000000145e+01 0.000000000000000000e+00
1.193020000000000103e+01 0.000000000000000000e+00
1.195020000000000060e+01 0.000000000000000000e+00
