    2   12   36
 32.066207.200
    1    1  1.0000  0.0000  0.0000
 -2.545984  -0.000159  -0.000433
  0.257701   0.000021  -0.000266
  0.002202  -0.000035   0.000261
  1.655387   0.000024   0.000109
  0.105592   0.000068   0.000137
  0.150695   0.000011   0.000040
  1.064037   0.000012   0.000084
 -0.095415  -0.000010   0.000126
 -0.036912   0.000044  -0.000086
 -0.597566   0.000059   0.000066
  0.058995  -0.000053   0.000030
 -0.018732   0.000017  -0.000069
    1    2  0.0000  1.0000  0.0000
  0.000107  -3.887079  -0.033729
 -0.000018  -0.003533  -0.187706
  0.000003   0.138715  -0.007780
 -0.000005   2.338614  -0.052177
  0.000088   0.135644  -0.311216
 -0.000050   0.102631   0.689787
 -0.000163   1.872116  -0.440681
  0.000033   0.033177  -0.125647
 -0.000047  -0.078111   0.048363
 -0.000014  -0.705815   0.204482
 -0.000085   0.324530   0.201575
  0.000151  -0.270889   0.014729
    1    3  0.0000  0.0000  1.0000
 -0.000218  -0.074834  -4.517653
  0.000182   0.229149  -0.719434
  0.000247   0.048640  -1.643156
 -0.000092  -0.093452  -1.702371
  0.000054  -0.219023  -1.795670
 -0.000032   0.279575  -1.767332
 -0.000003   0.380026   2.075845
  0.000017  -0.401293   1.523991
 -0.000047   0.072763   1.433811
 -0.000025  -0.134315   1.819250
 -0.000014  -0.069535   3.238944
 -0.000070  -0.017702   2.053774
    2    1  1.0000  0.0000  0.0000
  0.257704   0.000029   0.000228
 -2.545994  -0.000210   0.000221
  1.655383   0.000024  -0.000151
  0.002202  -0.000035  -0.000263
  0.105572  -0.000017  -0.000026
  0.150716  -0.000029  -0.000032
 -0.095425  -0.000017  -0.000063
  1.064041   0.000119  -0.000069
 -0.597576   0.000042  -0.000014
 -0.036918   0.000069   0.000100
  0.059017  -0.000037  -0.000046
 -0.018722   0.000061   0.000115
    2    2  0.0000  1.0000  0.0000
 -0.000018  -0.003330   0.187663
  0.000050  -3.886563   0.033517
  0.000041   2.336701   0.052283
  0.000008   0.138766   0.007824
  0.000046   0.135509   0.310454
 -0.000097   0.102933  -0.688794
  0.000030   0.033389   0.125427
 -0.000150   1.872208   0.440342
  0.000021  -0.705629  -0.204194
 -0.000046  -0.078019  -0.048154
 -0.000059   0.324926  -0.201592
  0.000174  -0.270892  -0.014776
    2    3  0.0000  0.0000  1.0000
 -0.000120  -0.229018  -0.719317
 -0.000367   0.074597  -4.517540
  0.000128   0.093358  -1.702411
 -0.000208  -0.048552  -1.643036
 -0.000047   0.219092  -1.795879
  0.000048  -0.279517  -1.767563
  0.000017   0.401278   1.524033
  0.000245  -0.380006   2.075909
  0.000127   0.134352   1.819285
  0.000092  -0.072754   1.433857
 -0.000028   0.069497   3.238909
  0.000114   0.017671   2.053753
    3    1  1.0000  0.0000  0.0000
  0.002208  -0.000046  -0.000275
  1.655389   0.000036  -0.000143
 -2.546191  -0.000058   0.000147
  0.257712  -0.000015   0.000226
  0.150699  -0.000013  -0.000041
  0.105602  -0.000032   0.000006
 -0.036901   0.000059   0.000091
 -0.597559   0.000006  -0.000044
  1.064097   0.000061  -0.000001
 -0.095413  -0.000029  -0.000034
 -0.018713   0.000044   0.000118
  0.059070  -0.000014  -0.000049
    3    2  0.0000  1.0000  0.0000
  0.000009   0.138760   0.007804
  0.000023   2.336655   0.052286
 -0.000138  -3.886527   0.033511
 -0.000018  -0.003321   0.187691
 -0.000109   0.102950  -0.688785
  0.000061   0.135509   0.310472
 -0.000025  -0.078035  -0.048153
  0.000063  -0.705611  -0.204205
 -0.000130   1.872216   0.440335
  0.000061   0.033401   0.125434
  0.000195  -0.270891  -0.014791
  0.000007   0.324893  -0.201600
    3    3  0.0000  0.0000  1.0000
 -0.000251  -0.048568  -1.643024
  0.000177   0.093371  -1.702388
  0.000033   0.074762  -4.517668
 -0.000207  -0.229048  -0.719308
  0.000037  -0.279517  -1.767549
 -0.000092   0.219084  -1.795872
  0.000040  -0.072768   1.433866
  0.000057   0.134311   1.819253
  0.000144  -0.380013   2.075934
 -0.000002   0.401260   1.524051
  0.000082   0.017649   2.053761
 -0.000018   0.069478   3.238943
    4    1  1.0000  0.0000  0.0000
  1.655405   0.000049   0.000194
  0.002193  -0.000042   0.000267
  0.257704  -0.000010  -0.000243
 -2.546014  -0.000128  -0.000670
  0.150683  -0.000015   0.000080
  0.105594   0.000079   0.000135
 -0.597590   0.000050  -0.000035
 -0.036914   0.000050  -0.000051
 -0.095417  -0.000021   0.000138
  1.064056   0.000037   0.000168
 -0.018723   0.000004  -0.000070
  0.059023  -0.000052   0.000088
    4    2  0.0000  1.0000  0.0000
 -0.000009   2.338609  -0.052202
  0.000004   0.138717  -0.007793
 -0.000019  -0.003526  -0.187695
  0.000185  -3.886996  -0.033626
 -0.000062   0.102591   0.689776
  0.000086   0.135654  -0.311225
  0.000004  -0.705826   0.204494
 -0.000048  -0.078117   0.048348
  0.000029   0.033174  -0.125661
 -0.000184   1.872123  -0.440697
  0.000154  -0.270884   0.014721
 -0.000139   0.324481   0.201558
    4    3  0.0000  0.0000  1.0000
 -0.000109  -0.093388  -1.702374
  0.000263   0.048620  -1.643168
  0.000200   0.229123  -0.719432
 -0.000155  -0.074615  -4.517677
 -0.000013   0.279528  -1.767294
  0.000051  -0.219059  -1.795693
 -0.000057  -0.134390   1.819228
 -0.000051   0.072753   1.433829
  0.000001  -0.401301   1.523990
 -0.000012   0.379963   2.075863
 -0.000077  -0.017720   2.053771
 -0.000040  -0.069514   3.238956
    5    1  1.0000  0.0000  0.0000
  0.106045  -0.000030   0.000022
  0.106080  -0.000012  -0.000028
  0.151286   0.000049   0.000078
  0.151332   0.000048  -0.000052
 -3.374790  -0.000124  -0.000119
  1.354816  -0.000025   0.000003
 -0.036503   0.000022  -0.000117
 -0.036508   0.000027   0.000139
  0.134658  -0.000032  -0.000111
  0.134659  -0.000045   0.000115
  0.829507  -0.000011  -0.000010
  0.479417   0.000134   0.000079
    5    2  0.0000  1.0000  0.0000
 -0.000115   0.136396  -0.219154
 -0.000095   0.136392   0.219155
  0.000118   0.102072  -0.279196
  0.000040   0.102095   0.279181
  0.000035  -4.018259  -0.000022
  0.000115   2.060192   0.000002
 -0.000106  -0.232172  -0.018605
 -0.000106  -0.232179   0.018611
  0.000118   0.371875  -0.000095
  0.000115   0.371872   0.000097
  0.000170   0.784893   0.000024
 -0.000288   0.416823   0.000003
    5    3  0.0000  0.0000  1.0000
 -0.000286  -0.352620  -1.903960
  0.000245   0.352637  -1.904119
  0.000220  -0.647568  -1.875155
 -0.000214   0.647554  -1.874954
  0.000209   0.000245  -6.066860
 -0.000024   0.000049  -1.842598
  0.000048   0.005843   1.587414
 -0.000077  -0.005904   1.587406
 -0.000023  -0.058267   3.190562
 -0.000043   0.058239   3.190556
 -0.000016  -0.000105   2.883437
 -0.000039  -0.000103   3.028274
    6    1  1.0000  0.0000  0.0000
  0.151318   0.000048  -0.000064
  0.151288   0.000018   0.000068
  0.106079  -0.000027  -0.000024
  0.106052  -0.000026   0.000021
  1.354833  -0.000013  -0.000021
 -3.374887  -0.000043  -0.000053
  0.134664  -0.000030   0.000127
  0.134688  -0.000040  -0.000137
 -0.036516   0.000024   0.000120
 -0.036499   0.000010  -0.000134
  0.479424   0.000130   0.000104
  0.829554  -0.000050  -0.000005
    6    2  0.0000  1.0000  0.0000
  0.000018   0.102087   0.279152
  0.000120   0.102086  -0.279156
 -0.000129   0.136410   0.219112
 -0.000094   0.136413  -0.219114
  0.000123   2.060200   0.000012
  0.000084  -4.018449  -0.000019
  0.000121   0.371872   0.000102
  0.000093   0.371865  -0.000112
 -0.000108  -0.232146   0.018630
 -0.000104  -0.232146  -0.018623
 -0.000289   0.416894   0.000009
  0.000166   0.784914   0.000007
    6    3  0.0000  0.0000  1.0000
 -0.000196   0.647564  -1.874968
  0.000223  -0.647540  -1.875127
  0.000259   0.352647  -1.904111
 -0.000263  -0.352626  -1.903936
 -0.000006   0.000060  -1.842554
 -0.000007   0.000182  -6.067102
 -0.000050   0.058227   3.190592
  0.000006  -0.058267   3.190614
 -0.000052  -0.005899   1.587403
  0.000074   0.005841   1.587397
  0.000003  -0.000106   3.028305
  0.000010  -0.000082   2.883486
    7    1  1.0000  0.0000  0.0000
  1.063733   0.000222   0.000101
 -0.095781  -0.000003   0.000053
 -0.037699  -0.000005  -0.000071
 -0.598931  -0.000042   0.000032
 -0.037421   0.000013  -0.000022
  0.133538  -0.000046   0.000081
 -1.416399  -0.000079  -0.000046
  0.149735  -0.000006  -0.000062
  0.018899  -0.000004   0.000065
  0.558397  -0.000043  -0.000097
  0.153811   0.000016  -0.000016
  0.108119  -0.000025  -0.000018
    7    2  0.0000  1.0000  0.0000
  0.000034   1.873713   0.274631
  0.000032   0.034471   0.295955
 -0.000054  -0.079388  -0.177926
 -0.000101  -0.707531  -0.239700
 -0.000109  -0.232218  -0.099916
  0.000124   0.372610  -0.047388
  0.000114  -4.491346   0.218208
 -0.000016  -0.002639   0.083099
 -0.000002   0.104250  -0.026902
  0.000033   2.861090   0.078534
  0.000266   0.166065  -1.316983
 -0.000321   0.100922   0.958388
    7    3  0.0000  0.0000  1.0000
 -0.000072  -0.467956  -0.243109
 -0.000092   0.153551  -0.795698
 -0.000043  -0.020835  -0.885482
  0.000041   0.177002  -0.500292
  0.000082  -0.018011  -0.661941
 -0.000106  -0.000290   0.941017
  0.000071   0.289912  -2.295812
  0.000052  -0.153847   1.280670
  0.000004  -0.044173   0.918661
  0.000039   0.148246   0.595677
  0.000041  -0.741353   0.811881
 -0.000015   0.677754   0.834428
    8    1  1.0000  0.0000  0.0000
 -0.095774   0.000003  -0.000056
  1.063758   0.000206  -0.000126
 -0.598917  -0.000034  -0.000015
 -0.037706  -0.000010   0.000083
 -0.037420   0.000017   0.000008
  0.133540  -0.000021  -0.000068
  0.149744   0.000003   0.000068
 -1.416420  -0.000138  -0.000015
  0.558398  -0.000029   0.000107
  0.018892  -0.000000  -0.000048
  0.153801   0.000011   0.000049
  0.108104  -0.000007   0.000013
    8    2  0.0000  1.0000  0.0000
  0.000030   0.034475  -0.295967
  0.000030   1.873708  -0.274629
 -0.000098  -0.707520   0.239709
 -0.000056  -0.079384   0.177937
 -0.000105  -0.232222   0.099917
  0.000112   0.372596   0.047394
 -0.000010  -0.002659  -0.083108
  0.000154  -4.491344  -0.218208
  0.000025   2.861087  -0.078523
 -0.000016   0.104250   0.026905
  0.000283   0.166083   1.316957
 -0.000349   0.100931  -0.958384
    8    3  0.0000  0.0000  1.0000
  0.000108  -0.153519  -0.795728
  0.000037   0.467866  -0.243041
 -0.000076  -0.176984  -0.500316
  0.000062   0.020849  -0.885456
 -0.000064   0.018090  -0.662030
  0.000061   0.000205   0.940897
 -0.000023   0.153873   1.280690
 -0.000117  -0.289902  -2.295797
 -0.000013  -0.148285   0.595702
  0.000014   0.044187   0.918686
 -0.000018   0.741367   0.811936
  0.000028  -0.677748   0.834457
    9    1  1.0000  0.0000  0.0000
 -0.037705  -0.000011   0.000077
 -0.598923  -0.000034  -0.000013
  1.063762   0.000201  -0.000141
 -0.095769   0.000000  -0.000054
  0.133528  -0.000032  -0.000064
 -0.037425   0.000018  -0.000004
  0.018903   0.000001  -0.000055
  0.558390  -0.000033   0.000081
 -1.416424  -0.000104   0.000063
  0.149752   0.000004   0.000056
  0.108120  -0.000016  -0.000001
  0.153790   0.000005   0.000054
    9    2  0.0000  1.0000  0.0000
 -0.000047  -0.079389   0.177930
 -0.000101  -0.707527   0.239713
 -0.000018   1.873719  -0.274627
  0.000041   0.034471  -0.295954
  0.000116   0.372620   0.047396
 -0.000101  -0.232218   0.099910
 -0.000007   0.104230   0.026899
  0.000021   2.861084  -0.078535
  0.000172  -4.491333  -0.218207
 -0.000008  -0.002655  -0.083112
 -0.000339   0.100929  -0.958384
  0.000272   0.166068   1.316972
    9    3  0.0000  0.0000  1.0000
  0.000063   0.020854  -0.885428
 -0.000096  -0.177028  -0.500295
  0.000042   0.467912  -0.243050
  0.000109  -0.153523  -0.795704
  0.000071   0.000191   0.940930
 -0.000065   0.018085  -0.662046
  0.000002   0.044183   0.918673
 -0.000007  -0.148278   0.595686
 -0.000082  -0.289903  -2.295784
 -0.000035   0.153880   1.280674
  0.000022  -0.677742   0.834433
 -0.000025   0.741368   0.811911
   10    1  1.0000  0.0000  0.0000
 -0.598931  -0.000050   0.000025
 -0.037703  -0.000004  -0.000073
 -0.095781  -0.000003   0.000058
  1.063724   0.000233   0.000121
  0.133543  -0.000033   0.000077
 -0.037422   0.000013  -0.000014
  0.558404  -0.000045  -0.000092
  0.018898  -0.000002   0.000057
  0.149745  -0.000014  -0.000067
 -1.416387  -0.000094  -0.000062
  0.108111  -0.000018  -0.000018
  0.153799   0.000015  -0.000009
   10    2  0.0000  1.0000  0.0000
 -0.000109  -0.707538  -0.239701
 -0.000047  -0.079387  -0.177925
  0.000036   0.034472   0.295954
  0.000027   1.873706   0.274627
  0.000126   0.372620  -0.047399
 -0.000109  -0.232218  -0.099919
  0.000038   2.861095   0.078537
 -0.000004   0.104244  -0.026902
 -0.000019  -0.002651   0.083110
  0.000129  -4.491340   0.218209
 -0.000328   0.100926   0.958381
  0.000258   0.166071  -1.316972
   10    3  0.0000  0.0000  1.0000
  0.000039   0.177000  -0.500291
 -0.000044  -0.020833  -0.885490
 -0.000102   0.153550  -0.795705
 -0.000046  -0.467955  -0.243115
 -0.000111  -0.000293   0.941013
  0.000081  -0.018010  -0.661936
  0.000028   0.148246   0.595682
 -0.000002  -0.044168   0.918660
  0.000047  -0.153848   1.280656
  0.000073   0.289918  -2.295779
 -0.000013   0.677737   0.834429
  0.000049  -0.741345   0.811877
   11    1  1.0000  0.0000  0.0000
  0.058259  -0.000001   0.000003
  0.058269  -0.000032   0.000038
 -0.019068  -0.000045  -0.000083
 -0.019066  -0.000043   0.000046
  0.828756   0.000002  -0.000034
  0.477584   0.000065   0.000009
  0.153805   0.000031  -0.000056
  0.153796   0.000015  -0.000011
  0.108063   0.000015  -0.000047
  0.108071  -0.000009   0.000023
 -2.216833   0.000011   0.000125
  0.308366  -0.000009  -0.000011
   11    2  0.0000  1.0000  0.0000
 -0.000031   0.325255  -0.069539
 -0.000063   0.325251   0.069540
  0.000077  -0.271063   0.017647
  0.000098  -0.271073  -0.017642
  0.000427   0.785328  -0.000000
 -0.000487   0.415771  -0.000003
 -0.000076   0.165043  -0.740989
 -0.000072   0.165045   0.740993
  0.000044   0.102005  -0.677712
  0.000047   0.102014   0.677714
  0.000112  -4.347572  -0.000005
 -0.000074   2.503996  -0.000003
   11    3  0.0000  0.0000  1.0000
  0.000306   0.174235   0.695821
 -0.000224  -0.174296   0.695969
 -0.000286   0.012873  -0.489085
  0.000302  -0.012906  -0.489242
  0.000009  -0.000009   0.409075
 -0.000052   0.000003   0.554424
 -0.000016  -1.245943   0.661959
  0.000024   1.245980   0.661961
 -0.000000  -1.029336   0.684920
  0.000051   1.029359   0.684937
 -0.000127   0.000015  -4.321375
  0.000014   0.000025   0.250635
   12    1  1.0000  0.0000  0.0000
 -0.019056  -0.000045   0.000056
 -0.019065  -0.000041  -0.000091
  0.058269  -0.000018   0.000044
  0.058266   0.000008  -0.000014
  0.477562   0.000068  -0.000008
  0.828737  -0.000012  -0.000030
  0.108062  -0.000009   0.000004
  0.108065   0.000013  -0.000027
  0.153815   0.000028  -0.000029
  0.153814   0.000039  -0.000026
  0.308363  -0.000028  -0.000008
 -2.216832  -0.000003   0.000129
   12    2  0.0000  1.0000  0.0000
  0.000096  -0.271064  -0.017642
  0.000086  -0.271055   0.017647
 -0.000066   0.325257   0.069531
 -0.000031   0.325265  -0.069535
 -0.000486   0.415783   0.000003
  0.000431   0.785356   0.000003
  0.000049   0.102015   0.677718
  0.000041   0.102007  -0.677721
 -0.000077   0.165043   0.741003
 -0.000080   0.165046  -0.740979
 -0.000073   2.503984  -0.000005
  0.000109  -4.347638  -0.000024
   12    3  0.0000  0.0000  1.0000
  0.000290  -0.012903  -0.489244
 -0.000274   0.012875  -0.489087
 -0.000247  -0.174306   0.695979
  0.000309   0.174231   0.695825
 -0.000024  -0.000007   0.554438
  0.000002  -0.000021   0.409070
  0.000040   1.029362   0.684933
  0.000014  -1.029338   0.684934
 -0.000012   1.245994   0.661956
  0.000012  -1.245947   0.661956
  0.000018   0.000029   0.250625
 -0.000129   0.000031  -4.321385
