    2   12   36
 32.066207.200
    1    1  1.0000  0.0000  0.0000
 -2.549458  -0.000234  -0.000298
  0.258657   0.000055  -0.000291
  0.002868  -0.000026   0.000261
  1.656487   0.000004   0.000068
  0.105657   0.000042   0.000176
  0.150815   0.000024  -0.000004
  1.062181   0.000010   0.000001
 -0.094754  -0.000032   0.000123
 -0.036270   0.000059  -0.000135
 -0.598111   0.000096   0.000147
  0.059833  -0.000040  -0.000008
 -0.017906   0.000043  -0.000041
    1    2  0.0000  1.0000  0.0000
  0.000026  -3.870458  -0.034419
 -0.000009  -0.001993  -0.188002
  0.000020   0.136727  -0.007569
  0.000042   2.327728  -0.052832
  0.000071   0.133598  -0.307149
 -0.000093   0.102981   0.684042
 -0.000121   1.870514  -0.438674
  0.000048   0.032735  -0.125745
 -0.000033  -0.078714   0.048694
  0.000004  -0.706081   0.204490
 -0.000103   0.323362   0.202015
  0.000146  -0.270398   0.015149
    1    3  0.0000  0.0000  1.0000
 -0.000015  -0.068934  -4.550826
  0.000162   0.224448  -0.717264
  0.000227   0.048889  -1.659507
 -0.000082  -0.092286  -1.716894
  0.000164  -0.214496  -1.824237
  0.000025   0.275643  -1.795771
 -0.000068   0.381061   2.096797
  0.000013  -0.402912   1.542669
 -0.000073   0.069840   1.453101
 -0.000023  -0.133268   1.842364
 -0.000083  -0.070001   3.257384
 -0.000247  -0.017984   2.072184
    2    1  1.0000  0.0000  0.0000
  0.258681   0.000059   0.000237
 -2.549281  -0.000210   0.000150
  1.656352   0.000013  -0.000132
  0.002855  -0.000046  -0.000258
  0.105658   0.000017  -0.000007
  0.150828  -0.000019  -0.000025
 -0.094759  -0.000011  -0.000067
  1.062176   0.000141  -0.000096
 -0.598142   0.000028   0.000007
 -0.036278   0.000078   0.000110
  0.059828  -0.000104  -0.000032
 -0.017918   0.000053   0.000114
    2    2  0.0000  1.0000  0.0000
 -0.000007  -0.001978   0.187991
  0.000001  -3.871445   0.034178
  0.000002   2.328499   0.052912
 -0.000005   0.136750   0.007561
  0.000061   0.133672   0.307355
 -0.000045   0.102961  -0.684242
  0.000047   0.032767   0.125792
 -0.000176   1.870453   0.438685
  0.000003  -0.706042  -0.204498
 -0.000039  -0.078663  -0.048664
 -0.000043   0.323343  -0.201906
  0.000200  -0.270319  -0.015164
    2    3  0.0000  0.0000  1.0000
 -0.000097  -0.224406  -0.717684
 -0.000335   0.068802  -4.549903
  0.000162   0.092226  -1.716972
 -0.000219  -0.048845  -1.659712
  0.000071   0.214538  -1.824420
  0.000150  -0.275488  -1.795950
 -0.000024   0.402902   1.542654
  0.000260  -0.381093   2.096985
  0.000140   0.133282   1.842517
  0.000097  -0.069833   1.453111
 -0.000150   0.069971   3.257187
 -0.000055   0.017943   2.072187
    3    1  1.0000  0.0000  0.0000
  0.002853  -0.000063  -0.000268
  1.656364   0.000019  -0.000103
 -2.549452  -0.000024   0.000097
  0.258705  -0.000037   0.000211
  0.150780  -0.000009  -0.000049
  0.105702  -0.000014   0.000042
 -0.036269   0.000074   0.000078
 -0.598148   0.000003  -0.000070
  1.062247   0.000047   0.000016
 -0.094751  -0.000007  -0.000034
 -0.017890   0.000039   0.000109
  0.059859  -0.000029  -0.000030
    3    2  0.0000  1.0000  0.0000
  0.000016   0.136747   0.007542
  0.000008   2.328632   0.052908
 -0.000285  -3.871645   0.034201
  0.000000  -0.001978   0.188014
 -0.000066   0.102958  -0.684305
  0.000071   0.133706   0.307416
 -0.000019  -0.078657  -0.048666
  0.000066  -0.705986  -0.204527
 -0.000141   1.870451   0.438697
  0.000074   0.032785   0.125795
  0.000231  -0.270313  -0.015164
  0.000043   0.323300  -0.201911
    3    3  0.0000  0.0000  1.0000
 -0.000306  -0.048859  -1.659719
  0.000233   0.092207  -1.716933
  0.000310   0.068992  -4.549990
 -0.000290  -0.224446  -0.717677
  0.000096  -0.275460  -1.795953
 -0.000014   0.214512  -1.824411
  0.000018  -0.069852   1.453129
  0.000060   0.133219   1.842418
  0.000085  -0.381084   2.097071
 -0.000009   0.402890   1.542670
 -0.000094   0.017925   2.072194
 -0.000090   0.069958   3.257201
    4    1  1.0000  0.0000  0.0000
  1.656484   0.000088   0.000281
  0.002885  -0.000050   0.000267
  0.258723  -0.000055  -0.000222
 -2.549630   0.000064  -0.000836
  0.150820  -0.000071   0.000147
  0.105688   0.000049   0.000134
 -0.598141   0.000001  -0.000128
 -0.036249   0.000035  -0.000022
 -0.094748  -0.000030   0.000122
  1.062223  -0.000005   0.000228
 -0.017898  -0.000011  -0.000092
  0.059843  -0.000014   0.000120
    4    2  0.0000  1.0000  0.0000
 -0.000014   2.327753  -0.052853
  0.000011   0.136737  -0.007585
 -0.000014  -0.001990  -0.188004
  0.000180  -3.870448  -0.034415
 -0.000072   0.102939   0.684075
  0.000090   0.133625  -0.307141
 -0.000006  -0.706097   0.204511
 -0.000046  -0.078713   0.048691
  0.000032   0.032741  -0.125750
 -0.000195   1.870491  -0.438672
  0.000136  -0.270395   0.015154
 -0.000101   0.323356   0.201989
    4    3  0.0000  0.0000  1.0000
 -0.000090  -0.092213  -1.716845
  0.000280   0.048876  -1.659511
  0.000246   0.224423  -0.717246
 -0.000239  -0.068734  -4.551021
  0.000060   0.275581  -1.795726
  0.000158  -0.214520  -1.824253
  0.000008  -0.133337   1.842302
 -0.000031   0.069833   1.453138
 -0.000017  -0.402923   1.542672
 -0.000031   0.381025   2.096883
 -0.000244  -0.018000   2.072170
 -0.000100  -0.070011   3.257438
    5    1  1.0000  0.0000  0.0000
  0.106366  -0.000040   0.000034
  0.106407   0.000019  -0.000059
  0.151523   0.000051   0.000087
  0.151581   0.000073  -0.000060
 -3.375439  -0.000265  -0.000135
  1.354733  -0.000007  -0.000024
 -0.036197   0.000038  -0.000104
 -0.036195   0.000045   0.000152
  0.135008  -0.000060  -0.000105
  0.135012  -0.000041   0.000102
  0.828494   0.000028  -0.000005
  0.478707   0.000159   0.000117
    5    2  0.0000  1.0000  0.0000
 -0.000140   0.137734  -0.223377
 -0.000080   0.137712   0.223382
  0.000126   0.099698  -0.283614
  0.000047   0.099726   0.283597
 -0.000012  -4.017047  -0.000054
  0.000131   2.069380  -0.000002
 -0.000119  -0.233039  -0.018667
 -0.000090  -0.233042   0.018675
  0.000103   0.370218  -0.000003
  0.000142   0.370205   0.000004
  0.000185   0.783083   0.000026
 -0.000294   0.415370   0.000032
    5    3  0.0000  0.0000  1.0000
 -0.000310  -0.322949  -1.931556
  0.000243   0.322996  -1.931772
  0.000163  -0.621453  -1.905441
 -0.000228   0.621390  -1.905205
  0.000418   0.000212  -6.108715
 -0.000066   0.000107  -1.870421
  0.000044   0.008482   1.623562
 -0.000095  -0.008555   1.623590
 -0.000011  -0.058869   3.211303
 -0.000078   0.058834   3.211306
  0.000001  -0.000119   2.921100
 -0.000080  -0.000075   3.062248
    6    1  1.0000  0.0000  0.0000
  0.151522   0.000037  -0.000060
  0.151496   0.000013   0.000040
  0.106385  -0.000029  -0.000001
  0.106343  -0.000042   0.000003
  1.354729  -0.000015  -0.000037
 -3.375155   0.000028  -0.000043
  0.134957  -0.000031   0.000127
  0.135005  -0.000035  -0.000116
 -0.036216   0.000020   0.000121
 -0.036209   0.000002  -0.000131
  0.478688   0.000103   0.000088
  0.828456  -0.000050   0.000008
    6    2  0.0000  1.0000  0.0000
  0.000003   0.099706   0.283572
  0.000105   0.099679  -0.283597
 -0.000107   0.137703   0.223331
 -0.000131   0.137707  -0.223334
  0.000140   2.069311   0.000009
  0.000131  -4.016855  -0.000057
  0.000097   0.370187   0.000003
  0.000085   0.370202   0.000023
 -0.000087  -0.233032   0.018686
 -0.000119  -0.233029  -0.018678
 -0.000294   0.415375   0.000045
  0.000176   0.783044  -0.000003
    6    3  0.0000  0.0000  1.0000
 -0.000243   0.621416  -1.905259
  0.000222  -0.621405  -1.905454
  0.000218   0.322990  -1.931824
 -0.000271  -0.322968  -1.931591
 -0.000014   0.000100  -1.870465
  0.000170   0.000101  -6.108474
 -0.000049   0.058821   3.211254
 -0.000021  -0.058872   3.211334
 -0.000066  -0.008550   1.623554
  0.000050   0.008493   1.623558
 -0.000048  -0.000088   3.062296
  0.000053  -0.000040   2.921070
    7    1  1.0000  0.0000  0.0000
  1.060880   0.000236   0.000128
 -0.096128  -0.000006   0.000050
 -0.037794  -0.000003  -0.000063
 -0.599322  -0.000036   0.000032
 -0.037285   0.000017  -0.000030
  0.131658  -0.000047   0.000070
 -1.411961  -0.000106  -0.000050
  0.149875  -0.000002  -0.000056
  0.019129  -0.000013   0.000059
  0.558802  -0.000039  -0.000100
  0.153836   0.000009  -0.000025
  0.108311  -0.000010  -0.000015
    7    2  0.0000  1.0000  0.0000
  0.000019   1.874024   0.270123
  0.000030   0.035738   0.296559
 -0.000050  -0.080215  -0.177885
 -0.000104  -0.711116  -0.236027
 -0.000106  -0.232335  -0.099728
  0.000138   0.372058  -0.049317
  0.000089  -4.488660   0.218574
 -0.000014  -0.001641   0.083440
  0.000006   0.103954  -0.026206
  0.000038   2.860304   0.078193
  0.000299   0.166385  -1.315451
 -0.000346   0.101505   0.957726
    7    3  0.0000  0.0000  1.0000
 -0.000070  -0.466012  -0.246285
 -0.000099   0.153157  -0.797158
 -0.000053  -0.020540  -0.886990
  0.000016   0.175503  -0.503767
  0.000095  -0.018074  -0.662390
 -0.000098  -0.000490   0.937926
  0.000074   0.290037  -2.294219
  0.000048  -0.154035   1.282737
  0.000001  -0.044375   0.920842
  0.000027   0.148415   0.597204
  0.000062  -0.741201   0.814746
 -0.000003   0.677616   0.837354
    8    1  1.0000  0.0000  0.0000
 -0.096124   0.000006  -0.000053
  1.060964   0.000191  -0.000116
 -0.599293  -0.000029  -0.000024
 -0.037802  -0.000003   0.000081
 -0.037281   0.000016   0.000028
  0.131645  -0.000006  -0.000066
  0.149861  -0.000002   0.000071
 -1.411990  -0.000140  -0.000061
  0.558771  -0.000034   0.000115
  0.019119  -0.000009  -0.000057
  0.153842   0.000023   0.000051
  0.108287  -0.000013   0.000030
    8    2  0.0000  1.0000  0.0000
  0.000020   0.035731  -0.296574
  0.000064   1.874072  -0.270051
 -0.000102  -0.711031   0.235983
 -0.000066  -0.080210   0.177873
 -0.000101  -0.232337   0.099726
  0.000105   0.372057   0.049308
 -0.000008  -0.001653  -0.083439
  0.000172  -4.488687  -0.218577
  0.000003   2.860240  -0.078185
 -0.000011   0.103939   0.026195
  0.000249   0.166378   1.315422
 -0.000326   0.101501  -0.957680
    8    3  0.0000  0.0000  1.0000
  0.000111  -0.153120  -0.797225
  0.000043   0.465965  -0.246311
 -0.000085  -0.175530  -0.503830
  0.000066   0.020572  -0.886993
 -0.000050   0.018141  -0.662633
  0.000062   0.000413   0.937812
 -0.000033   0.154057   1.282824
 -0.000122  -0.290034  -2.294132
 -0.000014  -0.148430   0.597304
  0.000002   0.044386   0.920934
 -0.000021   0.741209   0.814825
  0.000041  -0.677629   0.837426
    9    1  1.0000  0.0000  0.0000
 -0.037815  -0.000007   0.000070
 -0.599279  -0.000035  -0.000017
  1.061081   0.000193  -0.000136
 -0.096126   0.000004  -0.000066
  0.131639  -0.000031  -0.000069
 -0.037306   0.000012  -0.000001
  0.019106   0.000002  -0.000062
  0.558756  -0.000040   0.000079
 -1.411989  -0.000096   0.000115
  0.149841  -0.000009   0.000058
  0.108272  -0.000009  -0.000001
  0.153820   0.000016   0.000030
    9    2  0.0000  1.0000  0.0000
 -0.000047  -0.080211   0.177871
 -0.000100  -0.711037   0.235987
 -0.000012   1.874080  -0.270064
  0.000048   0.035725  -0.296561
  0.000105   0.372067   0.049325
 -0.000101  -0.232336   0.099727
 -0.000014   0.103933   0.026208
  0.000006   2.860241  -0.078200
  0.000210  -4.488665  -0.218593
 -0.000010  -0.001657  -0.083438
 -0.000324   0.101487  -0.957683
  0.000239   0.166372   1.315422
    9    3  0.0000  0.0000  1.0000
  0.000054   0.020569  -0.886982
 -0.000116  -0.175555  -0.503801
  0.000048   0.465987  -0.246313
  0.000109  -0.153119  -0.797219
  0.000088   0.000384   0.937824
 -0.000053   0.018144  -0.662600
  0.000006   0.044392   0.920918
 -0.000024  -0.148425   0.597251
 -0.000087  -0.290030  -2.294082
 -0.000043   0.154060   1.282795
  0.000032  -0.677614   0.837402
 -0.000016   0.741208   0.814807
   10    1  1.0000  0.0000  0.0000
 -0.599320  -0.000051   0.000019
 -0.037797  -0.000002  -0.000070
 -0.096130  -0.000005   0.000058
  1.060888   0.000238   0.000176
  0.131650  -0.000028   0.000045
 -0.037287   0.000016  -0.000018
  0.558795  -0.000033  -0.000076
  0.019128  -0.000013   0.000051
  0.149870  -0.000008  -0.000071
 -1.411948  -0.000117  -0.000086
  0.108312  -0.000016  -0.000005
  0.153838   0.000019  -0.000023
   10    2  0.0000  1.0000  0.0000
 -0.000105  -0.711129  -0.236022
 -0.000040  -0.080214  -0.177886
  0.000040   0.035739   0.296556
  0.000010   1.874018   0.270130
  0.000130   0.372056  -0.049334
 -0.000108  -0.232334  -0.099733
  0.000035   2.860307   0.078196
 -0.000006   0.103953  -0.026209
 -0.000020  -0.001650   0.083439
  0.000129  -4.488637   0.218595
 -0.000352   0.101502   0.957721
  0.000286   0.166391  -1.315453
   10    3  0.0000  0.0000  1.0000
  0.000039   0.175506  -0.503750
 -0.000046  -0.020533  -0.886996
 -0.000112   0.153155  -0.797171
 -0.000063  -0.466032  -0.246310
 -0.000097  -0.000483   0.937938
  0.000092  -0.018073  -0.662404
  0.000024   0.148407   0.597189
 -0.000008  -0.044379   0.920849
  0.000047  -0.154031   1.282733
  0.000064   0.290057  -2.294170
  0.000004   0.677606   0.837349
  0.000057  -0.741199   0.814744
   11    1  1.0000  0.0000  0.0000
  0.057763  -0.000014   0.000013
  0.057774  -0.000033   0.000018
 -0.018864  -0.000046  -0.000088
 -0.018868  -0.000035   0.000031
  0.829760   0.000006  -0.000053
  0.478459   0.000059  -0.000003
  0.153639   0.000034  -0.000056
  0.153646   0.000010   0.000000
  0.107981   0.000028  -0.000037
  0.107985  -0.000014   0.000050
 -2.217220   0.000018   0.000156
  0.307944  -0.000014  -0.000030
   11    2  0.0000  1.0000  0.0000
 -0.000045   0.321331  -0.068458
 -0.000060   0.321301   0.068449
  0.000071  -0.265371   0.018155
  0.000115  -0.265395  -0.018123
  0.000429   0.779281   0.000027
 -0.000495   0.410609  -0.000030
 -0.000077   0.165647  -0.741693
 -0.000073   0.165664   0.741694
  0.000044   0.102558  -0.678616
  0.000057   0.102580   0.678616
  0.000101  -4.344942  -0.000016
 -0.000067   2.506737  -0.000003
   11    3  0.0000  0.0000  1.0000
  0.000319   0.173996   0.692162
 -0.000250  -0.174044   0.692320
 -0.000280   0.013270  -0.486549
  0.000257  -0.013307  -0.486692
  0.000035  -0.000023   0.414424
 -0.000013  -0.000012   0.559705
 -0.000036  -1.246021   0.661413
  0.000002   1.246061   0.661407
 -0.000028  -1.029801   0.684124
  0.000037   1.029831   0.684130
 -0.000053   0.000018  -4.325910
  0.000010   0.000034   0.249466
   12    1  1.0000  0.0000  0.0000
 -0.018826  -0.000037   0.000051
 -0.018825  -0.000043  -0.000095
  0.057837  -0.000013   0.000061
  0.057828  -0.000000  -0.000036
  0.478210   0.000069  -0.000028
  0.829465  -0.000030  -0.000058
  0.108027  -0.000024  -0.000000
  0.108033   0.000009  -0.000006
  0.153706   0.000017  -0.000031
  0.153709   0.000040  -0.000004
  0.308056  -0.000039  -0.000007
 -2.217221   0.000052   0.000152
   12    2  0.0000  1.0000  0.0000
  0.000099  -0.265393  -0.018117
  0.000078  -0.265368   0.018150
 -0.000075   0.321299   0.068451
 -0.000044   0.321334  -0.068469
 -0.000484   0.410635  -0.000003
  0.000426   0.779306   0.000025
  0.000051   0.102583   0.678617
  0.000041   0.102565  -0.678612
 -0.000076   0.165670   0.741700
 -0.000080   0.165647  -0.741683
 -0.000069   2.506698  -0.000004
  0.000131  -4.344976  -0.000054
   12    3  0.0000  0.0000  1.0000
  0.000309  -0.013295  -0.486714
 -0.000306   0.013268  -0.486566
 -0.000221  -0.174067   0.692333
  0.000297   0.174004   0.692189
 -0.000048  -0.000007   0.559628
  0.000027  -0.000027   0.414358
  0.000013   1.029829   0.684144
  0.000021  -1.029786   0.684144
 -0.000026   1.246073   0.661399
  0.000016  -1.246019   0.661412
  0.000021   0.000020   0.249488
 -0.000102   0.000007  -4.325814
