   1  64   1   0  0.2044414E+02  0.2000000E+04
  CAR 
 Si_2x2x2                                
   0   0   0
   1   1
 256 256 256
 256
  0.1000000E-09
  0.6250000E-11
   1
  0.3000000E-14  0.1093746E-08  0.1093746E-08  0.1093746E-08
  0.1581595E+04  0.1580350E+04
  0.000
  0.000
  0.000
  0.000
  0.000
  0.000
  0.000
  0.000
  0.000
  0.000
  0.000
  0.000
  0.000
  0.000
  0.000
  0.000
  0.000
  0.000
  0.000
  0.000
  0.000
  0.000
  0.000
  0.000
  0.000
  0.000
  0.000
  0.000
  0.000
  0.000
  0.000
  0.000
  0.000
  0.223
  1.155
  1.256
  1.657
  1.540
  2.276
  1.762
  1.498
  2.225
  1.476
  1.783
  1.199
  0.724
  0.925
  0.886
  0.832
  0.527
  0.343
  0.660
  0.816
  0.669
  0.659
  0.690
  0.731
  1.058
  0.949
  1.047
  1.377
  1.409
  1.290
  1.198
  0.941
  0.980
  1.130
  1.133
  1.509
  0.871
  0.972
  1.092
  1.371
  1.280
  0.953
  0.913
  0.897
  0.985
  1.203
  0.811
  0.919
  0.959
  0.906
  0.896
  0.951
  0.746
  0.868
  0.947
  0.984
  0.655
  0.981
  1.040
  1.105
  0.881
  0.867
  1.059
  0.908
  0.819
  0.992
  0.972
  0.944
  1.007
  0.975
  1.267
  0.900
  0.928
  1.223
  1.142
  1.150
  1.066
  0.894
  1.082
  1.007
  1.106
  1.160
  1.121
  1.083
  1.074
  0.982
  0.887
  0.987
  0.860
  0.788
  1.010
  1.120
  1.044
  1.085
  1.130
  0.931
  0.802
  0.966
  0.910
  0.973
  1.077
  0.962
  1.071
  0.811
  1.031
  1.029
  1.091
  1.015
  0.965
  1.071
  0.959
  0.894
  1.053
  0.964
  0.955
  0.933
  0.919
  0.989
  0.949
  0.963
  0.979
  1.028
  1.145
  1.039
  0.925
  0.973
  1.031
  1.054
  1.012
  1.047
  0.960
  1.027
  0.963
  1.025
  0.944
  0.942
  1.029
  0.974
  0.980
  0.904
  0.906
  0.810
  0.926
  0.933
  0.941
  0.949
  1.003
  0.989
  0.946
  0.948
  0.997
  0.945
  1.031
  0.987
  0.951
  0.963
  1.001
  1.017
  0.961
  0.868
  0.958
  1.013
  1.011
  1.028
  1.007
  1.061
  1.000
  0.920
  0.966
  0.887
  0.942
  1.041
  0.914
  0.972
  0.889
  0.920
  0.939
  0.994
  1.053
  1.071
  1.022
  1.089
  1.045
  1.119
  1.150
  1.133
  1.068
  1.101
  1.048
  1.026
  1.020
  1.033
  1.060
  0.951
  0.982
  0.936
  0.930
  0.942
  0.943
  0.965
  0.972
  0.970
  0.924
  0.870
  0.903
  0.875
  0.938
  0.878
  0.873
  0.902
  0.925
  0.930
  0.944
  0.969
  0.950
  0.920
  0.951
  0.930
  0.960
  1.031
  1.056
  1.005
  1.007
