    2   12   12
 32.066207.200
    1    1  1.0000  0.0000  0.0000
 -2.546065  -0.000100  -0.000415
  0.257727  -0.000012  -0.000182
  0.002219  -0.000065   0.000327
  1.655419   0.000002   0.000102
  0.105577  -0.000002   0.000084
  0.150701  -0.000024   0.000059
  1.064087   0.000090   0.000099
 -0.095432  -0.000004   0.000059
 -0.036905   0.000078  -0.000106
 -0.597542   0.000064   0.000029
  0.058947  -0.000042   0.000041
 -0.018735   0.000015  -0.000095
    1    2  0.0000  1.0000  0.0000
  0.000000  -3.887084  -0.033620
  0.000000  -0.003561  -0.187700
  0.000000   0.138725  -0.007795
  0.000000   2.338773  -0.052180
  0.000000   0.135665  -0.311210
  0.000000   0.102615   0.689802
  0.000000   1.872081  -0.440655
  0.000000   0.033219  -0.125584
  0.000000  -0.078178   0.048245
  0.000000  -0.705825   0.204452
  0.000000   0.324533   0.201529
  0.000000  -0.270962   0.014716
    1    3  0.0000  0.0000  1.0000
  0.000000  -0.074638  -4.517570
  0.000000   0.229095  -0.719660
  0.000000   0.048594  -1.643204
  0.000000  -0.093470  -1.702415
  0.000000  -0.219001  -1.795168
  0.000000   0.279633  -1.766918
  0.000000   0.380171   2.075872
  0.000000  -0.401180   1.524101
  0.000000   0.072582   1.433898
  0.000000  -0.134502   1.819149
  0.000000  -0.069547   3.238563
  0.000000  -0.017739   2.053353
    5    1  1.0000  0.0000  0.0000
  0.106043  -0.000019   0.000040
  0.106043  -0.000019  -0.000040
  0.151267   0.000029   0.000081
  0.151267   0.000029  -0.000081
 -3.374321  -0.000073   0.000000
  1.354683   0.000008   0.000000
 -0.036536   0.000023  -0.000129
 -0.036536   0.000023   0.000129
  0.134635  -0.000041  -0.000128
  0.134635  -0.000041   0.000128
  0.829447  -0.000046   0.000000
  0.479374   0.000125   0.000000
    5    2  0.0000  1.0000  0.0000
  0.000000   0.136443  -0.219228
  0.000000   0.136443   0.219228
  0.000000   0.102078  -0.279312
  0.000000   0.102078   0.279312
  0.000000  -4.018419   0.000000
  0.000000   2.060445   0.000000
  0.000000  -0.232176  -0.018610
  0.000000  -0.232176   0.018610
  0.000000   0.371857  -0.000097
  0.000000   0.371857   0.000097
  0.000000   0.784838   0.000000
  0.000000   0.416732   0.000000
    5    3  0.0000  0.0000  1.0000
  0.000000  -0.352582  -1.903917
  0.000000   0.352630  -1.904030
  0.000000  -0.647576  -1.875053
  0.000000   0.647620  -1.874928
  0.000000   0.000016  -6.066963
  0.000000   0.000037  -1.842666
  0.000000   0.005839   1.587396
  0.000000  -0.005878   1.587390
  0.000000  -0.058258   3.190546
  0.000000   0.058218   3.190547
  0.000000  -0.000034   2.883435
  0.000000  -0.000031   3.028243
    7    1  1.0000  0.0000  0.0000
  1.063990   0.000220   0.000139
 -0.095775   0.000005   0.000061
 -0.037724  -0.000002  -0.000070
 -0.598827  -0.000034   0.000027
 -0.037457   0.000016  -0.000012
  0.133558  -0.000030   0.000069
 -1.416567  -0.000109  -0.000030
  0.149709  -0.000010  -0.000071
  0.018852  -0.000014   0.000047
  0.558375  -0.000042  -0.000100
  0.153786   0.000012  -0.000042
  0.108079  -0.000011  -0.000018
    7    2  0.0000  1.0000  0.0000
  0.000000   1.873799   0.274624
  0.000000   0.034467   0.295946
  0.000000  -0.079385  -0.177917
  0.000000  -0.707481  -0.239672
  0.000000  -0.232173  -0.099904
  0.000000   0.372569  -0.047389
  0.000000  -4.491433   0.218203
  0.000000  -0.002660   0.083097
  0.000000   0.104215  -0.026901
  0.000000   2.861084   0.078522
  0.000000   0.166071  -1.316975
  0.000000   0.100927   0.958367
    7    3  0.0000  0.0000  1.0000
  0.000000  -0.467921  -0.243073
  0.000000   0.153541  -0.795678
  0.000000  -0.020823  -0.885487
  0.000000   0.177005  -0.500275
  0.000000  -0.018077  -0.661997
  0.000000  -0.000256   0.940997
  0.000000   0.289905  -2.295785
  0.000000  -0.153836   1.280655
  0.000000  -0.044165   0.918676
  0.000000   0.148241   0.595698
  0.000000  -0.741341   0.811866
  0.000000   0.677727   0.834402
   11    1  1.0000  0.0000  0.0000
  0.058153  -0.000012  -0.000017
  0.058153  -0.000012   0.000017
 -0.019108  -0.000044  -0.000069
 -0.019108  -0.000044   0.000069
  0.828940  -0.000002   0.000000
  0.477726   0.000077   0.000000
  0.153755   0.000030  -0.000014
  0.153755   0.000030   0.000014
  0.107998  -0.000001  -0.000033
  0.107998  -0.000001   0.000033
 -2.216477  -0.000008   0.000000
  0.308216  -0.000016   0.000000
   11    2  0.0000  1.0000  0.0000
  0.000000   0.325564  -0.069428
  0.000000   0.325564   0.069428
  0.000000  -0.271690   0.017702
  0.000000  -0.271690  -0.017702
  0.000000   0.786249   0.000000
  0.000000   0.416486   0.000000
  0.000000   0.164870  -0.741053
  0.000000   0.164870   0.741053
  0.000000   0.101954  -0.677791
  0.000000   0.101954   0.677791
  0.000000  -4.347578   0.000000
  0.000000   2.503446   0.000000
   11    3  0.0000  0.0000  1.0000
  0.000000   0.174228   0.695789
  0.000000  -0.174272   0.695889
  0.000000   0.012872  -0.489071
  0.000000  -0.012906  -0.489184
  0.000000  -0.000015   0.408974
  0.000000  -0.000048   0.554323
  0.000000  -1.245955   0.662027
  0.000000   1.245998   0.662039
  0.000000  -1.029351   0.685027
  0.000000   1.029388   0.685014
  0.000000   0.000027  -4.321512
  0.000000   0.000034   0.250687
