    2   10   30
  10.811  16.000
    1    1  1.0000  0.0000  0.0000
-43.789490  -2.093771 -14.842765
  5.956705   0.512023   2.581896
  3.551499  -0.713904  -1.756654
  1.754151   2.962819  -1.490864
 -2.278868   1.286844   0.117389
 15.620889   9.582719   4.705664
  6.017388  -3.612320   1.058671
 -1.906216  -1.700178  -0.224654
 18.198007  -5.765268   8.210063
 -3.124063  -0.458965   1.641255
    1    2  0.0000  1.0000  0.0000
 -2.093906 -48.793731   4.424303
 -0.515891  -0.625061  -0.252135
 -0.714862   0.786920   0.569440
 -2.960624  12.572121   0.547616
  0.487717  -0.667679   0.059025
  9.921813  10.516487   3.750616
 -0.462334  20.078683  -4.521371
  0.451866   0.796647   0.027555
 -6.180135   6.567474  -3.629617
  2.066356  -1.231861  -0.975432
    1    3  0.0000  0.0000  1.0000
-14.575312   4.332874 -21.425793
  2.849471   0.339280   3.188402
  1.490011  -0.478729   0.382118
  1.225620   0.462373   0.554201
 -1.296381   0.575368  -1.279757
  4.048618   4.163718   4.893417
  0.697896  -4.434518   5.274110
 -0.618659  -1.049851  -1.041713
  8.187290  -3.410338   8.853905
 -2.008554  -0.500177   0.601109
    2    1  1.0000  0.0000  0.0000
  5.957024  -0.513452   2.582336
-43.798780   2.090273 -14.832283
  1.754564  -2.963398  -1.492905
  3.553242   0.714679  -1.756478
 15.620877  -9.583808   4.701269
 -2.274584  -1.288444   0.118741
 -1.902989   1.701454  -0.224665
  6.010940   3.616404   1.063105
 18.205114   5.766323   8.201190
 -3.125409   0.459969   1.639689
    2    2  0.0000  1.0000  0.0000
  0.515806  -0.623833   0.254677
  2.090424 -48.795495  -4.422761
  2.960623  12.571924  -0.547508
  0.715428   0.788362  -0.567484
 -9.929723  10.511485  -3.748767
 -0.490988  -0.665858  -0.060050
 -0.446073   0.799598  -0.029604
  0.469710  20.080346   4.519065
  6.181508   6.566643   3.625599
 -2.066715  -1.233172   0.976833
    2    3  0.0000  0.0000  1.0000
  2.848672  -0.339100   3.188722
-14.564035  -4.332319 -21.412302
  1.224506  -0.461830   0.554265
  1.489372   0.479031   0.383848
  4.041947  -4.160019   4.888489
 -1.293058  -0.576237  -1.280352
 -0.615429   1.051113  -1.041115
  0.695605   4.433578   5.274078
  8.180228   3.406129   8.844209
 -2.007809   0.499653   0.600158
    3    1  1.0000  0.0000  0.0000
  3.551472  -0.713830   1.756622
  1.753933   2.962874   1.490802
-43.790463  -2.092759  14.843457
  5.956708   0.511963  -2.581934
  6.017655  -3.611936  -1.058721
 -1.906272  -1.700182   0.224729
 -2.278881   1.286892  -0.117433
 15.620382   9.581667  -4.705431
 -3.123827  -0.458902  -1.641208
 18.199293  -5.765788  -8.210884
    3    2  0.0000  1.0000  0.0000
 -0.714859   0.786920  -0.569466
 -2.960597  12.571801  -0.547658
 -2.092941 -48.790490  -4.424322
 -0.515931  -0.624990   0.252110
 -0.461936  20.076372   4.520929
  0.451825   0.796634  -0.027590
  0.487644  -0.667660  -0.059047
  9.921066  10.515794  -3.750369
  2.066409  -1.231870   0.975412
 -6.180681   6.567488   3.630000
    3    3  0.0000  0.0000  1.0000
 -1.490073   0.479335   0.382108
 -1.225457  -0.463116   0.554143
 14.576119  -4.332284 -21.426330
 -2.849548  -0.339970   3.188563
 -0.698172   4.433727   5.274374
  0.618406   1.050708  -1.041122
  1.296026  -0.576039  -1.280388
 -4.048854  -4.163229   4.893101
  2.009218   0.499839   0.600738
 -8.187666   3.411029   8.854812
    4    1  1.0000  0.0000  0.0000
  1.754696  -2.963360   1.492936
  3.553230   0.714726   1.756488
  5.957058  -0.513457  -2.582411
-43.799706   2.090385  14.832848
 -1.902897   1.701321   0.224662
  6.010773   3.616704  -1.063186
 15.621116  -9.584464  -4.701357
 -2.274496  -1.288435  -0.118674
 -3.125404   0.460021  -1.639613
 18.205629   5.766559  -8.201693
    4    2  0.0000  1.0000  0.0000
  2.960565  12.572278   0.547417
  0.715377   0.788375   0.567465
  0.515786  -0.623747  -0.254677
  2.090515 -48.797034   4.422845
 -0.446092   0.799592   0.029610
  0.470041  20.081303  -4.519165
 -9.930209  10.511782   3.748991
 -0.490993  -0.665847   0.060018
 -2.066694  -1.233206  -0.976803
  6.181704   6.566504  -3.625702
    4    3  0.0000  0.0000  1.0000
 -1.224499   0.461064   0.554289
 -1.489202  -0.478429   0.383810
 -2.848636   0.338326   3.188548
 14.564658   4.333116 -21.412436
  0.615719  -1.050064  -1.041775
 -0.695362  -4.434152   5.273819
 -4.041590   4.160415   4.888853
  1.293534   0.575659  -1.279695
  2.006994  -0.500035   0.600340
 -8.181616  -3.405901   8.844246
    5    1  1.0000  0.0000  0.0000
 -2.295169   0.500151  -0.966477
 15.650973  -9.918279   4.403432
  6.028417  -0.470061  -0.366726
 -1.932270  -0.459793   0.976289
-26.410890  16.109618  -5.277604
  1.182194   0.563058  -0.119354
  1.008870  -0.729630   0.084306
 -1.060544  -0.986933  -0.257526
  6.175766  -1.642283   3.616150
  1.652654  -2.965846  -2.092489
    5    2  0.0000  1.0000  0.0000
  1.300701  -0.672666   0.775159
 -9.590870  10.506525  -3.976062
 -3.620664  20.066848   4.634743
  1.713931   0.795046  -0.867435
 16.111670 -47.691186  -1.955624
 -0.564955  -0.549921  -0.041536
 -0.727501   0.508784   0.034431
  0.993028  13.547618   0.188864
 -2.575667   0.032260  -1.190220
 -3.039674   3.456692   2.397679
    5    3  0.0000  0.0000  1.0000
  0.681989  -0.122231   3.127254
  5.250058  -3.564139   9.290551
 -1.612929   4.702069   9.682889
 -0.313855  -0.157498   3.361063
 -5.967436  -2.328232 -11.146259
 -0.821240   0.407569  -2.230985
  0.599394   0.337124  -2.206919
  0.953050  -0.177171  -4.792088
  1.669755  -0.851431  -2.399027
 -0.438786   1.753940  -2.686477
    6    1  1.0000  0.0000  0.0000
 15.655983   9.916676   4.408564
 -2.286954  -0.499944  -0.964449
 -1.922438   0.459071   0.977644
  6.038129   0.474002  -0.366607
  1.195584  -0.562200  -0.118664
-26.491659 -16.109911  -5.291271
 -1.053707   0.986477  -0.254750
  1.019248   0.728688   0.084735
  6.181794   1.640225   3.618482
  1.664020   2.966917  -2.093685
    6    2  0.0000  1.0000  0.0000
  9.589521  10.507054   3.981129
 -1.301708  -0.673694  -0.774479
 -1.714510   0.794469   0.868494
  3.623621  20.073050  -4.633131
  0.563714  -0.550901   0.041166
-16.110733 -47.693399   1.947667
 -0.993215  13.547899  -0.189532
  0.726895   0.508130  -0.034011
  2.575635   0.031691   1.190815
  3.040779   3.455703  -2.398118
    6    3  0.0000  0.0000  1.0000
  5.255738   3.569061   9.293784
  0.681768   0.122139   3.125644
 -0.314222   0.158049   3.360680
 -1.612320  -4.702154   9.680154
 -0.817610  -0.407073  -2.231044
 -5.983545   2.320766 -11.142889
  0.951261   0.176888  -4.791324
  0.602361  -0.337287  -2.208412
  1.673608   0.852793  -2.397667
 -0.437039  -1.753182  -2.688926
    7    1  1.0000  0.0000  0.0000
  6.028383  -0.470321   0.366731
 -1.932307  -0.459756  -0.976391
 -2.295299   0.500234   0.966494
 15.651022  -9.918656  -4.403468
  1.008543  -0.728909  -0.084521
 -1.060649  -0.986992   0.257585
-26.410016  16.110119   5.277640
  1.181963   0.562492   0.119248
  1.653015  -2.965758   2.092584
  6.175345  -1.642454  -3.615902
    7    2  0.0000  1.0000  0.0000
 -3.621155  20.069137  -4.635294
  1.713919   0.795001   0.867424
  1.300704  -0.672699  -0.775166
 -9.591450  10.506908   3.976153
 -0.727471   0.508718  -0.034432
  0.993319  13.548186  -0.188761
 16.112732 -47.694104   1.955927
 -0.564950  -0.549900   0.041530
 -3.039810   3.456638  -2.397693
 -2.575838   0.032114   1.190312
    7    3  0.0000  0.0000  1.0000
  1.612977  -4.702520   9.682704
  0.313749   0.157492   3.360916
 -0.682088   0.122203   3.127132
 -5.250141   3.564216   9.290373
 -0.599478  -0.337032  -2.207174
 -0.953044   0.177285  -4.792182
  5.967787   2.328533 -11.144782
  0.821475  -0.407798  -2.231129
  0.438667  -1.753762  -2.686457
 -1.669903   0.851383  -2.399400
    8    1  1.0000  0.0000  0.0000
 -1.922392   0.459125  -0.977643
  6.038135   0.473562   0.366391
 15.655382   9.915969  -4.408368
 -2.287030  -0.499920   0.964414
 -1.053408   0.986052   0.254822
  1.019121   0.728455  -0.084837
  1.195240  -0.561656   0.118536
-26.490589 -16.108595   5.291154
  1.664156   2.966617   2.093693
  6.181386   1.640392  -3.618162
    8    2  0.0000  1.0000  0.0000
 -1.714391   0.794459  -0.868440
  3.623162  20.072178   4.632982
  9.588633  10.506378  -3.980876
 -1.301642  -0.673655   0.774463
 -0.993158  13.547439   0.189671
  0.726908   0.508195   0.034065
  0.563675  -0.550829  -0.041156
-16.109412 -47.691471  -1.948028
  3.040698   3.455573   2.398115
  2.575527   0.031734  -1.190794
    8    3  0.0000  0.0000  1.0000
  0.314290  -0.158117   3.360854
  1.612314   4.701946   9.680281
 -5.255620  -3.568989   9.294017
 -0.681651  -0.122205   3.125830
 -0.951296  -0.176661  -4.791265
 -0.602369   0.337392  -2.208226
  0.817562   0.406884  -2.230906
  5.983195  -2.320490 -11.144289
  0.437034   1.753224  -2.688929
 -1.673458  -0.852984  -2.397368
    9    1  1.0000  0.0000  0.0000
 18.208188  -6.180507   8.545599
 18.214963   6.182591   8.538948
 -3.119637   2.074659   2.365276
 -3.119540  -2.072916   2.363377
  6.203690  -2.556895   2.378827
  6.199092   2.559239   2.381010
  1.638274  -3.057639   1.141284
  1.643163   3.058495   1.138884
-49.386334  -0.007937 -26.702741
  3.518141   0.000910  -2.150464
    9    2  0.0000  1.0000  0.0000
 -5.792942   6.564961  -3.422813
  5.794900   6.565205   3.418099
 -0.429491  -1.231719   0.486287
  0.430808  -1.231992  -0.486397
 -1.642233   0.040790  -0.845219
  1.645559   0.039363   0.846988
 -2.964969   3.455117  -1.750389
  2.964795   3.456826   1.749767
 -0.006904 -17.782148   0.003666
  0.000477   0.123597   0.000012
    9    3  0.0000  0.0000  1.0000
  8.767975  -3.817329  13.170834
  8.761546   3.813106  13.161000
 -2.202083   1.167376   4.916858
 -2.202245  -1.167668   4.915932
  2.925225  -1.566034  -2.631846
  2.924230   1.568011  -2.629888
  2.783966  -2.029074  -2.910767
  2.787553   2.027849  -2.913203
-27.419122   0.004283 -21.440692
  2.872955  -0.000520  -3.638227
   10    1  1.0000  0.0000  0.0000
 -3.119625   2.074581  -2.365264
 -3.119440  -2.072873  -2.363360
 18.209463  -6.181026  -8.546397
 18.215484   6.182728  -8.539435
  1.638162  -3.057819  -1.141423
  1.642946   3.058277  -1.139208
  6.203688  -2.556675  -2.378973
  6.199285   2.559476  -2.380967
  3.518342   0.000678   2.150522
-49.388306  -0.007347  26.704506
   10    2  0.0000  1.0000  0.0000
 -0.429440  -1.231765  -0.486256
  0.430865  -1.231953   0.486426
 -5.793389   6.564932   3.423134
  5.795112   6.565059  -3.418228
 -2.964969   3.455168   1.750476
  2.964916   3.456866  -1.749757
 -1.642291   0.040817   0.845238
  1.645481   0.039348  -0.846957
  0.000460   0.123613  -0.000011
 -0.006746 -17.782084  -0.004064
   10    3  0.0000  0.0000  1.0000
  2.202006  -1.167237   4.916828
  2.202389   1.167811   4.915948
 -8.768741   3.817517  13.171121
 -8.762096  -3.813337  13.161285
 -2.784313   2.029104  -2.910818
 -2.787321  -2.027936  -2.913105
 -2.925127   1.566151  -2.631818
 -2.924338  -1.567870  -2.629938
 -2.872966   0.000239  -3.638264
 27.420508  -0.004443 -21.441239
